t,B0,B1,B2,B3,B4,B5
1,4,0,0,0,0,0
2,5,0,0,0,0,0
3,5,0,0,1,0,1
4,4,0,0,0,0,1
5,5,0,0,0,0,1
6,4,1,0,0,0,1
7,5,1,0,1,0,1
8,5,1,0,1,0,2
9,4,2,0,1,0,2
10,5,2,0,1,0,2
11,4,3,0,0,0,2
12,5,3,0,0,0,2
13,5,2,0,0,0,2
14,5,2,0,0,0,2
15,5,2,0,0,0,3
16,5,2,0,0,0,3
17,5,1,1,0,0,3
18,5,1,1,0,0,3
19,5,0,2,0,0,4
20,4,1,2,0,0,4
21,5,1,1,0,0,4
22,5,1,1,0,0,4
23,5,0,2,0,0,4
24,4,1,2,0,0,4
25,5,1,2,0,0,4
26,5,1,2,0,0,4
27,5,0,2,0,0,5
28,5,0,2,0,0,5
29,5,0,2,0,0,5
30,5,0,3,0,0,5
31,5,0,2,0,0,5
32,5,0,2,0,0,6
33,4,0,2,0,0,6
34,5,0,1,1,0,6
35,4,1,1,0,0,6
36,5,0,2,0,0,6
37,5,0,1,1,0,6
38,4,1,1,0,1,6
39,5,0,2,0,1,6
40,5,0,1,1,0,7
41,4,1,1,1,0,7
42,5,1,1,0,1,7
43,4,2,1,0,1,7
44,5,1,2,0,0,8
45,5,1,2,0,0,8
46,5,0,3,0,0,8
47,5,0,2,1,0,8
48,4,1,2,1,0,9
49,5,1,2,1,0,9
50,5,0,3,0,0,9
51,4,1,3,0,0,9
52,5,1,3,0,0,10
53,5,0,4,0,0,10
54,4,1,3,1,0,10
55,5,1,3,1,0,10
56,5,1,3,0,0,10
57,5,1,2,1,0,10
58,4,2,2,1,0,10
59,5,2,2,1,0,10
60,5,1,3,1,0,11
61,4,2,2,2,0,11
62,5,2,2,2,0,11
63,5,1,3,2,0,11
64,4,2,3,2,0,11
65,5,2,3,2,0,11
66,5,2,3,2,0,11
67,4,2,3,3,0,11
68,5,2,3,2,0,11
69,5,2,2,3,0,11
70,4,3,2,3,0,11
71,5,3,2,2,1,11
72,4,4,2,2,0,12
73,5,4,1,3,0,12
74,5,3,2,3,0,12
75,5,3,2,3,0,13
76,4,4,1,4,0,13
77,5,4,1,4,0,13
78,5,4,0,5,0,13
79,4,5,0,5,0,13
80,5,5,0,5,0,13
81,5,5,0,5,0,13
82,5,5,0,5,0,13
83,5,4,1,5,0,13
84,5,4,1,5,0,13
85,5,4,1,5,0,13
86,5,3,1,5,0,13
87,5,3,1,5,0,13
88,4,4,1,5,0,14
89,5,4,1,4,0,14
90,5,3,1,5,0,14
91,4,4,1,5,0,14
92,5,4,1,5,0,14
93,5,4,1,5,0,15
94,5,4,1,5,0,15
95,5,3,1,5,0,15
96,5,3,1,5,0,15
97,5,3,1,5,0,16
98,5,3,1,4,0,16
99,4,4,0,5,0,16
100,5,3,1,5,0,16
101,5,3,1,4,0,17
102,5,3,0,5,0,17
103,5,3,0,5,0,17
104,5,3,0,5,0,17
105,4,4,0,5,0,18
106,5,4,0,5,0,18
107,4,4,0,5,0,18
108,5,4,0,5,0,18
109,5,4,0,5,0,18
110,5,4,0,5,0,19
111,4,4,0,5,0,19
112,5,4,0,5,0,19
113,4,5,0,5,0,19
114,5,5,0,5,0,19
115,5,4,1,5,0,19
116,5,4,1,5,0,20
117,4,5,0,5,0,20
118,5,5,0,5,0,20
119,5,5,0,5,0,20
120,5,5,0,5,0,20
121,5,5,0,5,0,21
122,5,5,0,5,0,21
123,4,5,0,5,0,21
124,5,5,0,5,0,21
125,5,5,0,5,0,21
126,5,5,0,5,0,21
127,4,5,1,5,0,22
128,5,5,1,5,0,22
129,5,5,0,5,0,22
130,5,5,0,5,0,22
131,5,4,1,5,0,22
132,5,4,1,5,0,23
133,5,4,1,5,0,23
134,4,4,2,5,0,23
135,5,4,2,5,0,23
136,5,4,2,5,0,23
137,5,4,2,5,0,23
138,5,4,2,5,0,23
139,5,3,3,5,0,23
140,5,3,2,5,0,23
141,5,3,2,5,0,23
142,4,4,2,5,0,23
143,5,3,3,5,0,23
144,4,4,3,4,0,24
145,5,4,2,5,0,24
146,5,3,3,5,0,24
147,5,3,3,5,0,25
148,4,4,3,5,0,25
149,5,3,4,5,0,25
150,5,3,4,4,0,25
151,4,4,4,4,0,25
152,5,4,4,4,0,26
153,5,3,5,4,0,26
154,4,4,4,5,0,26
155,5,4,4,5,0,26
156,5,4,3,5,0,26
157,5,4,3,5,0,26
158,4,4,4,5,0,26
159,5,4,4,5,0,27
160,5,4,4,5,0,27
161,5,3,5,5,0,27
162,5,3,5,5,0,27
163,5,3,5,5,0,27
164,5,3,5,5,0,27
165,5,3,5,5,0,27
166,5,3,5,5,0,27
167,5,3,4,5,0,27
168,5,3,4,5,0,27
169,4,3,5,5,0,27
170,5,3,4,5,1,27
171,5,3,4,5,1,27
172,5,2,5,5,1,27
173,5,2,5,5,1,27
174,4,3,4,5,1,28
175,5,3,4,5,1,28
176,4,3,5,5,1,28
177,5,3,5,5,1,28
178,5,3,5,5,1,28
179,5,3,5,5,1,28
180,4,3,5,5,2,28
181,5,3,5,5,1,29
182,5,3,5,5,1,29
183,5,3,5,5,1,29
184,4,3,5,5,2,29
185,5,3,5,5,2,29
186,5,3,5,5,2,29
187,4,4,5,4,3,29
188,5,4,5,4,2,30
189,5,4,5,4,2,30
190,4,4,5,4,3,30
191,5,4,5,4,2,31
192,5,4,5,4,2,31
193,4,5,5,4,2,31
194,5,5,5,4,2,31
195,5,5,5,4,1,32
196,5,5,5,4,1,32
197,5,5,5,3,2,32
198,5,5,5,3,1,33
199,4,5,5,4,1,33
200,5,5,5,3,1,34
201,5,5,5,3,1,34
202,5,5,5,3,1,34
203,4,5,5,4,1,34
204,5,5,5,4,1,34
205,5,5,5,4,1,34
206,5,5,5,4,0,35
207,5,5,5,3,1,35
208,5,5,5,3,1,35
209,4,5,5,4,1,35
210,5,5,5,4,0,36
211,4,5,5,4,1,36
212,5,5,5,4,1,36
213,5,5,5,3,1,37
214,5,5,4,4,1,37
215,5,5,4,4,1,37
216,4,5,5,4,0,38
217,5,5,4,5,0,38
218,5,5,4,5,0,39
219,5,5,4,4,0,39
220,4,5,5,4,0,39
221,5,5,4,5,0,40
222,5,5,4,5,0,40
223,5,4,5,4,0,40
224,5,4,5,4,0,40
225,5,4,4,5,0,40
226,4,4,5,5,0,40
227,5,4,5,5,0,40
228,4,4,5,5,0,41
229,5,4,5,5,0,41
230,5,4,5,5,0,41
231,5,4,5,5,0,41
232,5,4,5,4,1,41
233,5,4,5,4,1,41
234,5,4,5,4,1,41
235,5,3,5,5,1,41
236,5,3,5,4,1,42
237,4,4,4,5,1,42
238,5,4,4,5,1,42
239,5,4,4,5,1,42
240,4,4,5,5,0,43
241,5,4,5,5,0,43
242,5,4,5,5,0,43
243,4,5,5,5,0,43
244,5,4,5,5,1,43
245,5,4,5,5,0,44
246,5,4,5,5,0,44
247,5,4,5,5,0,44
248,4,5,5,4,0,45
249,5,5,5,4,0,45
250,5,5,5,4,0,46
251,5,5,5,4,0,46
252,5,5,5,4,0,46
253,5,5,5,4,0,46
254,5,5,5,4,0,46
255,4,5,5,5,0,46
256,5,5,5,5,0,46
257,5,5,5,4,0,46
258,5,5,4,5,0,46
259,5,5,4,5,0,46
260,5,5,4,4,1,46
261,5,5,4,4,1,46
262,5,5,4,4,0,47
263,5,5,4,4,0,47
264,4,5,5,3,0,48
265,5,5,4,4,0,48
266,5,5,4,3,1,48
267,4,5,5,3,1,48
268,5,5,5,3,0,49
269,5,5,5,3,0,49
270,4,5,5,4,0,49
271,5,5,5,4,0,50
272,5,5,5,4,0,50
273,5,5,4,4,0,50
274,5,5,4,4,0,50
275,5,5,4,4,0,50
276,5,5,3,4,0,51
277,5,5,3,4,0,51
278,4,5,3,5,0,51
279,5,5,3,4,0,52
280,5,5,3,4,0,52
281,5,4,3,4,1,52
282,4,5,3,4,1,52
283,5,5,3,4,1,52
284,5,4,4,3,2,52
285,5,4,4,3,2,52
286,5,4,3,4,1,53
287,5,4,3,3,2,53
288,4,4,4,3,2,53
289,5,4,4,2,2,54
290,4,5,4,2,2,54
291,5,4,4,3,2,54
292,5,4,4,2,3,54
293,5,4,4,2,2,55
294,5,4,4,2,2,55
295,4,5,4,1,3,55
296,5,5,3,2,3,55
297,5,5,3,2,3,55
298,4,5,4,2,3,55
299,5,5,4,2,3,55
300,5,4,5,2,3,55
301,4,5,5,2,3,55
302,5,5,4,2,3,56
303,5,4,5,2,3,56
304,5,4,5,2,3,56
305,5,4,5,1,4,56
306,5,4,4,2,3,57
307,5,3,5,2,3,57
308,4,4,5,2,3,57
309,5,3,5,3,3,57
310,5,3,5,3,3,57
311,5,3,5,2,4,57
312,5,3,5,2,4,57
313,5,2,5,2,5,57
314,5,2,5,2,5,57
315,5,2,5,2,4,58
316,5,2,5,2,4,58
317,4,3,4,3,4,58
318,5,2,5,3,4,58
319,5,2,5,2,4,59
320,4,3,5,2,4,59
321,5,3,5,2,3,60
322,4,3,5,3,3,60
323,5,3,5,2,4,60
324,4,4,5,2,4,60
325,5,4,5,2,3,61
326,5,4,5,1,4,61
327,5,4,4,2,3,62
328,5,3,5,2,3,62
329,4,4,5,2,3,62
330,5,4,4,2,3,63
331,5,4,4,2,3,63
332,5,4,3,3,2,64
333,4,4,4,3,2,64
334,5,4,3,3,3,64
335,5,3,4,3,3,64
336,5,3,4,3,2,65
337,5,3,4,3,2,65
338,4,4,4,3,1,66
339,5,4,3,3,2,66
340,5,3,4,3,2,66
341,5,3,4,3,1,67
342,5,3,3,3,2,67
343,4,4,3,3,2,67
344,5,3,4,3,1,68
345,5,3,3,4,1,68
346,5,3,3,3,1,69
347,4,3,4,3,1,69
348,5,3,4,3,1,69
349,5,3,4,3,0,70
350,5,3,4,2,1,70
351,5,2,5,2,1,70
352,5,2,5,2,1,70
353,4,2,5,3,0,71
354,5,2,5,3,0,71
355,4,3,5,3,0,72
356,5,2,5,4,0,72
357,5,2,5,4,0,72
358,5,2,5,4,0,72
359,4,3,5,4,0,72
360,5,3,5,3,0,72
361,4,4,5,3,0,72
362,5,3,5,4,0,72
363,5,3,5,4,0,72
364,5,3,5,4,0,73
365,5,2,5,5,0,73
366,5,2,5,5,0,73
367,4,3,5,4,0,73
368,5,3,5,4,0,73
369,5,3,5,4,0,74
370,5,2,5,5,0,74
371,5,2,5,4,0,74
372,4,3,5,4,0,74
373,5,3,4,5,0,74
374,5,3,4,5,0,74
375,5,3,4,5,0,75
376,5,2,4,5,0,75
377,4,3,4,5,0,75
378,5,3,4,5,0,75
379,4,4,4,5,0,75
380,5,4,4,5,0,75
381,5,4,4,5,0,76
382,5,4,4,5,0,76
383,5,4,4,5,0,76
384,5,4,3,5,0,76
385,5,4,3,5,0,76
386,4,5,3,5,0,76
387,5,5,3,4,1,76
388,5,4,3,5,0,77
389,4,5,3,5,0,77
390,5,4,4,5,0,77
391,5,4,4,5,0,77
392,4,5,4,5,0,77
393,5,5,4,5,0,77
394,5,4,5,5,0,77
395,4,5,4,5,1,77
396,5,5,4,5,0,78
397,5,4,5,5,0,78
398,5,4,5,5,0,78
399,4,5,5,5,0,78
400,5,5,5,5,0,78
401,5,5,5,5,0,78
402,5,5,5,5,0,79
403,5,5,5,5,0,79
404,4,5,5,5,0,79
405,5,5,5,5,0,79
406,5,5,5,5,0,79
407,4,5,5,5,1,79
408,5,5,5,5,0,80
409,5,5,5,5,0,80
410,5,5,5,5,0,80
411,5,5,5,5,0,81
412,5,5,5,5,0,81
413,5,5,5,5,0,81
414,5,5,5,5,0,81
415,5,5,5,5,0,81
416,5,5,5,5,0,81
417,5,5,5,5,0,81
418,5,5,5,5,0,81
419,5,5,5,5,0,81
420,5,5,5,5,0,81
421,5,5,5,5,0,81
422,5,5,5,5,0,81
423,5,5,5,5,0,81
424,5,5,5,5,0,81
425,4,5,5,5,0,81
426,5,5,5,5,0,81
427,5,5,5,4,0,82
428,4,5,5,5,0,82
429,5,5,5,5,0,82
430,5,5,5,5,0,83
431,5,5,5,4,0,83
432,5,5,5,4,0,83
433,5,5,5,4,0,84
434,5,5,5,4,0,84
435,4,5,5,5,0,84
436,5,5,5,5,0,84
437,5,5,5,5,0,84
438,5,5,5,4,0,84
439,5,5,5,4,0,84
440,5,5,5,4,0,84
441,5,5,5,3,1,84
442,5,5,5,3,0,85
443,4,5,5,3,1,85
444,5,5,5,3,1,85
445,5,5,4,3,1,86
446,5,5,4,3,1,86
447,5,5,4,3,1,86
448,5,5,4,3,0,87
449,5,5,4,2,1,87
450,5,5,3,3,1,87
451,5,5,3,3,1,87
452,4,5,3,3,1,88
453,5,5,3,3,1,88
454,5,5,2,4,0,89
455,5,4,3,3,1,89
456,4,5,3,3,1,89
457,5,5,2,4,1,89
458,5,5,2,4,1,89
459,5,5,2,4,0,90
460,5,5,2,3,1,90
461,5,5,2,3,1,90
462,5,5,2,3,0,91
463,4,5,3,3,0,91
464,5,5,2,4,0,92
465,5,5,2,4,0,92
466,5,5,2,3,0,92
467,5,5,2,3,0,92
468,5,5,2,3,0,92
469,4,5,3,2,1,92
470,5,5,3,2,0,93
471,5,5,2,3,0,93
472,5,4,3,3,0,93
473,5,4,3,3,0,93
474,5,4,3,3,0,94
475,5,3,4,3,0,94
476,4,4,3,4,0,94
477,5,4,3,4,0,94
478,5,3,4,3,0,94
479,4,4,4,3,0,94
480,5,4,4,3,0,95
481,5,4,4,3,0,95
482,5,4,4,3,0,95
483,4,4,5,3,0,95
484,5,4,4,4,0,95
485,5,4,4,4,0,95
486,5,4,3,5,0,95
487,5,4,3,5,0,95
488,4,4,4,5,0,95
489,5,4,4,4,0,95
490,4,4,5,4,0,95
491,5,4,5,4,0,95
492,5,3,5,4,1,95
493,4,4,5,4,1,95
494,5,4,4,5,1,95
495,5,4,4,5,0,96
496,4,4,5,4,1,96
497,5,4,5,4,1,96
498,5,4,5,4,1,96
499,5,4,5,4,0,97
500,5,3,5,4,1,97
501,5,3,5,4,1,97
502,5,3,5,4,1,97
503,5,3,5,4,1,97
504,4,4,5,3,2,97
505,5,3,5,4,2,97
506,5,3,5,4,1,98
507,5,3,4,5,1,98
508,5,2,5,5,1,98
509,4,3,5,4,1,99
510,5,3,5,4,1,99
511,5,3,5,4,1,99
512,5,3,5,4,1,99
513,5,3,5,4,1,99
514,5,3,5,4,1,99
515,5,3,5,4,1,99
516,4,4,4,5,1,99
517,5,3,5,4,2,99
518,5,3,5,4,2,99
519,5,3,5,4,2,99
520,5,3,4,5,2,99
521,5,3,4,5,2,99
522,5,3,4,5,1,100
523,4,3,4,5,2,100
524,5,3,4,5,2,100
525,5,3,4,5,1,101
526,5,3,3,5,2,101
527,5,2,4,5,2,101
528,5,2,4,5,2,101
529,4,3,3,5,2,102
530,5,3,3,5,2,102
531,5,3,3,5,2,102
532,5,2,4,5,2,102
533,5,2,3,5,2,103
534,4,3,3,5,2,103
535,5,3,3,5,2,103
536,5,2,4,4,2,104
537,4,3,4,4,2,104
538,5,3,3,5,2,104
539,5,2,4,4,2,105
540,5,2,4,4,2,105
541,5,1,5,4,2,105
542,4,2,5,3,3,105
543,5,1,5,4,2,106
544,5,1,5,4,2,106
545,5,1,4,5,1,107
546,5,1,4,4,2,107
547,5,1,4,4,2,107
548,4,1,5,3,3,107
549,5,1,5,3,3,107
550,5,1,5,3,3,107
551,5,1,4,4,3,107
552,5,0,5,3,4,107
553,4,1,5,3,4,107
554,5,1,5,3,4,107
555,5,1,5,2,4,108
556,5,1,5,2,4,108
557,4,2,5,2,4,108
558,5,1,5,3,4,108
559,5,1,5,2,5,108
560,4,2,4,3,5,108
561,5,2,4,3,5,108
562,5,2,4,3,5,108
563,5,2,4,3,5,108
564,4,3,3,4,4,109
565,5,3,3,4,4,109
566,5,3,3,4,4,109
567,4,3,4,3,5,109
568,5,3,4,3,5,109
569,4,4,4,3,4,110
570,5,4,4,3,4,110
571,5,3,5,2,5,110
572,5,3,5,2,4,111
573,5,3,5,2,4,111
574,4,4,5,2,3,112
575,5,4,5,1,4,112
576,4,5,5,1,4,112
577,5,4,5,2,4,112
578,5,4,5,2,3,113
579,5,4,5,1,4,113
580,5,4,4,2,4,113
581,5,3,5,2,3,114
582,5,3,5,2,3,114
583,4,4,5,1,4,114
584,5,4,5,1,3,115
585,5,3,5,2,3,115
586,5,3,5,1,4,115
587,5,3,5,1,4,115
588,5,3,5,1,4,115
589,5,2,5,2,4,115
590,5,2,5,2,4,115
591,5,2,5,1,4,116
592,5,2,4,2,4,116
593,5,2,4,2,4,116
594,4,3,4,1,5,116
595,5,3,3,2,4,117
596,5,3,3,2,4,117
597,5,2,4,1,5,117
598,5,2,4,1,4,118
599,5,2,4,1,4,118
600,5,2,3,2,4,118
601,4,3,3,2,3,119
602,5,2,3,2,4,119
603,5,2,3,2,4,119
604,4,3,3,2,3,120
605,5,2,4,2,3,120
606,5,2,4,1,3,121
607,4,3,4,1,3,121
608,5,3,4,1,3,121
609,5,3,4,1,3,121
610,5,3,4,1,3,121
611,5,3,4,1,2,122
612,4,3,5,1,2,122
613,5,3,5,1,2,122
614,5,3,4,1,3,122
615,5,3,4,1,3,122
616,5,3,4,0,3,123
617,5,3,4,0,3,123
618,4,4,4,0,3,123
619,5,4,4,0,3,123
620,5,4,4,0,2,124
621,4,5,4,0,2,124
622,5,4,4,1,2,124
623,5,4,4,0,3,124
624,5,4,3,1,2,125
625,4,5,3,1,2,125
626,5,4,3,2,2,125
627,5,4,3,2,2,125
628,4,5,2,2,3,125
629,5,5,2,2,3,125
630,5,4,3,2,3,125
631,4,5,2,3,2,126
632,5,5,2,2,3,126
633,5,5,2,2,2,127
634,5,5,1,3,2,127
635,4,5,2,3,2,127
636,5,5,2,2,3,127
637,5,5,1,3,3,127
638,5,5,1,3,3,127
639,4,5,2,3,3,127
640,5,5,2,2,3,128
641,5,5,2,2,3,128
642,5,5,1,3,3,128
643,5,4,2,2,4,128
644,4,5,2,2,3,129
645,5,5,1,3,3,129
646,5,5,1,3,3,129
647,5,4,2,3,3,129
648,4,5,2,3,3,129
649,5,4,3,3,2,130
650,5,4,2,4,2,130
651,5,4,2,4,2,130
652,5,4,2,3,2,131
653,4,5,2,3,2,131
654,5,5,2,3,2,131
655,5,5,2,3,1,132
656,5,4,2,4,1,132
657,5,4,2,4,1,132
658,4,5,2,3,2,132
659,5,5,1,4,1,133
660,5,5,1,4,1,133
661,5,5,1,4,1,133
662,4,5,2,3,2,133
663,5,5,2,3,2,133
664,5,5,1,3,3,133
665,5,5,1,3,2,134
666,4,5,2,3,2,134
667,5,5,1,4,2,134
668,5,5,1,4,2,134
669,4,5,2,4,2,134
670,5,5,1,4,2,135
671,5,5,1,4,2,135
672,5,4,2,4,2,135
673,4,5,2,4,2,135
674,5,5,1,5,1,136
675,5,5,1,5,1,136
676,5,5,1,4,2,136
677,4,5,2,4,2,136
678,5,5,1,5,1,137
679,5,4,2,5,1,137
680,5,4,2,5,1,137
681,4,5,2,5,1,137
682,5,4,3,4,2,137
683,5,4,2,5,1,138
684,5,4,2,5,1,138
685,4,5,2,5,1,138
686,5,5,2,5,1,138
687,5,5,2,5,1,138
688,5,5,1,5,1,139
689,5,5,1,5,1,139
690,5,5,1,5,0,140
691,5,5,1,5,0,140
692,4,5,1,5,1,140
693,5,5,1,5,1,140
694,5,5,1,5,1,140
695,5,5,0,5,1,141
696,5,4,1,5,1,141
697,5,4,1,4,2,141
698,5,4,1,4,2,141
699,5,4,1,4,2,141
700,4,4,1,5,1,142
701,5,4,1,4,2,142
702,5,4,1,4,2,142
703,5,4,1,4,2,142
704,5,4,1,4,2,142
705,4,5,1,4,2,142
706,5,4,2,4,2,142
707,5,4,1,4,2,143
708,5,4,1,4,2,143
709,5,4,0,5,2,143
710,5,4,0,5,2,143
711,4,4,1,5,1,144
712,5,4,1,5,1,144
713,5,4,1,5,0,145
714,5,4,1,5,0,145
715,5,4,0,5,1,145
716,4,5,0,5,0,146
717,5,4,1,5,0,146
718,4,5,1,5,0,146
719,5,5,0,5,0,147
720,5,5,0,5,0,147
721,4,5,1,5,0,147
722,5,5,1,5,0,147
723,5,4,2,5,0,148
724,5,4,2,5,0,148
725,4,5,1,5,0,148
726,5,5,1,5,0,148
727,5,4,2,5,0,148
728,5,4,2,5,0,148
729,4,5,2,5,0,148
730,5,4,2,5,0,149
731,4,5,2,5,0,149
732,5,5,2,5,0,149
733,5,5,2,5,0,149
734,5,5,2,5,0,149
735,4,5,3,5,0,149
736,5,5,2,5,0,150
737,5,5,2,5,0,150
738,5,5,2,4,1,150
739,5,5,1,5,0,151
740,5,5,1,5,0,151
741,5,5,1,5,0,151
742,4,5,2,5,0,151
743,5,5,2,5,0,152
744,5,5,2,5,0,152
745,5,5,2,4,0,152
746,5,5,2,4,0,152
747,5,5,1,5,0,153
748,5,5,1,4,0,153
749,5,5,1,4,0,153
750,5,5,0,5,0,153
751,5,5,0,5,0,153
752,5,5,0,5,0,153
753,4,5,1,4,1,153
754,5,5,1,4,0,154
755,5,5,0,4,1,154
756,5,4,1,4,1,154
757,5,4,1,3,2,154
758,5,4,1,3,2,154
759,5,4,1,3,2,154
760,5,3,2,3,1,155
761,5,3,2,3,1,155
762,5,3,1,4,1,155
763,5,3,1,4,1,155
764,5,2,2,3,2,155
765,5,2,2,3,2,155
766,5,2,2,3,1,156
767,5,2,1,4,1,156
768,4,3,1,3,2,156
769,5,2,2,3,2,156
770,5,2,1,4,2,156
771,4,3,1,4,2,156
772,5,3,0,4,2,157
773,5,3,0,4,2,157
774,5,3,0,4,2,157
775,5,3,0,4,2,157
776,4,4,0,3,2,158
777,5,3,1,3,2,158
778,5,3,1,3,2,158
779,5,3,1,3,2,158
780,4,4,1,2,2,159
781,5,3,1,3,2,159
782,4,4,1,2,3,159
783,5,4,1,2,3,159
784,5,4,0,3,3,159
785,5,4,0,3,3,159
786,5,4,0,3,3,159
787,4,5,0,3,2,160
788,5,5,0,2,3,160
789,5,5,0,3,2,161
790,5,5,0,3,2,161
791,5,5,0,3,2,161
792,5,5,0,2,2,162
793,4,5,0,2,2,162
794,5,5,0,2,1,163
795,5,5,0,1,2,163
796,4,5,1,1,2,163
797,5,5,0,1,3,163
798,5,5,0,1,2,164
799,4,5,1,1,2,164
800,5,5,1,0,3,164
801,5,5,0,1,3,164
802,5,4,1,1,3,164
803,5,4,0,1,4,164
804,5,4,0,1,4,164
805,4,5,0,1,4,164
806,5,4,1,1,4,164
807,5,4,1,0,5,164
808,5,4,1,0,5,164
809,4,5,1,0,5,164
810,5,4,1,1,4,165
811,5,4,1,0,5,165
812,4,5,1,0,5,165
813,5,4,2,0,4,166
814,5,4,2,0,5,166
815,5,3,2,0,5,166
816,5,3,2,0,4,167
817,4,4,1,1,4,167
818,5,4,1,0,5,167
819,5,3,2,0,5,167
820,4,4,2,0,4,168
821,5,4,1,0,5,168
822,4,5,1,0,4,169
823,5,4,1,1,4,169
824,4,5,1,1,3,170
825,5,5,1,1,3,170
826,5,4,2,0,4,170
827,5,4,2,0,4,170
828,4,5,2,0,3,171
829,5,5,1,1,3,171
830,5,4,2,0,4,171
831,4,5,2,0,3,172
832,5,5,1,1,3,172
833,4,5,2,0,4,172
834,5,5,2,0,4,172
835,5,5,1,0,4,173
836,5,5,1,0,4,173
837,5,5,1,0,3,174
838,5,5,1,0,4,174
839,4,5,1,0,4,174
840,5,5,1,0,4,174
841,5,5,1,0,5,174
842,4,5,1,0,5,174
843,5,5,1,0,4,175
844,5,4,2,0,4,175
845,5,4,2,0,3,176
846,5,4,1,1,3,176
847,4,4,2,1,3,176
848,5,4,2,1,3,176
849,4,5,2,1,3,176
850,5,5,2,1,2,177
851,5,5,2,0,3,177
852,4,5,2,1,3,177
853,5,5,2,1,3,177
854,5,5,2,1,2,178
855,5,5,1,1,3,178
856,5,5,1,1,3,178
857,4,5,2,1,2,179
858,5,5,2,0,3,179
859,5,5,2,0,3,179
860,5,5,1,1,3,179
861,5,5,1,1,3,179
862,4,5,1,1,4,179
863,5,5,1,1,3,180
864,4,5,1,1,4,180
865,5,5,1,1,4,180
866,5,4,2,1,4,180
867,4,5,1,1,4,181
868,5,5,1,1,4,181
869,5,4,1,2,4,181
870,4,5,1,2,4,181
871,5,5,1,1,4,182
872,5,4,1,2,4,182
873,5,4,1,2,4,182
874,4,5,1,1,5,182
875,5,5,0,2,5,182
876,5,4,1,2,4,183
877,5,4,0,3,4,183
878,4,5,0,2,5,183
879,5,5,0,2,5,183
880,5,5,0,2,5,183
881,5,4,1,2,5,183
882,5,4,1,1,5,184
883,5,4,1,1,5,184
884,4,5,1,0,5,185
885,5,4,2,0,5,185
886,5,4,1,1,4,186
887,5,4,1,1,4,186
888,4,4,2,0,5,186
889,5,4,2,0,4,187
890,5,3,2,1,4,187
891,5,3,2,0,4,188
892,5,3,2,0,4,188
893,5,3,1,1,4,188
894,5,2,2,1,3,189
895,5,2,2,1,3,189
896,4,2,2,2,2,190
897,5,2,2,2,2,190
898,4,3,2,2,2,190
899,5,3,2,2,2,190
900,5,3,1,2,2,191
901,5,2,2,2,2,191
902,5,2,2,2,1,192
903,5,2,2,2,1,192
904,5,1,3,2,1,192
905,4,2,2,3,1,192
906,5,2,2,3,0,193
907,5,2,2,3,0,193
908,5,1,2,3,1,193
909,4,2,2,3,1,193
910,5,2,2,3,1,193
911,5,2,2,2,1,194
912,4,3,1,3,1,194
913,5,2,2,3,0,195
914,5,2,2,2,1,195
915,5,2,1,3,1,195
916,4,2,2,3,0,196
917,5,2,2,2,1,196
918,5,2,1,3,1,196
919,4,2,2,3,1,196
920,5,2,1,3,2,196
921,5,2,1,3,1,197
922,5,2,1,3,1,197
923,5,2,1,2,2,197
924,4,3,0,3,1,198
925,5,3,0,3,1,198
926,5,3,0,3,0,199
927,4,4,0,4,0,199
928,5,3,0,3,1,199
929,5,3,0,3,1,199
930,4,4,0,2,2,199
931,5,4,0,2,1,200
932,5,4,0,3,1,200
933,4,5,0,2,2,200
934,5,4,0,2,2,200
935,4,5,0,2,1,201
936,5,5,0,1,2,201
937,5,5,0,1,1,202
938,5,4,0,1,2,202
939,4,5,0,1,2,202
940,5,5,0,1,1,203
941,5,5,0,1,1,203
942,5,4,1,0,2,203
943,5,4,0,1,2,203
944,5,4,0,1,1,204
945,4,4,1,1,1,204
946,5,4,1,1,1,204
947,4,5,1,1,0,205
948,5,4,2,1,0,205
949,5,4,2,0,1,205
950,5,4,1,1,1,205
951,4,4,2,0,2,205
952,5,4,1,1,1,206
953,5,4,1,1,1,206
954,5,4,0,2,1,206
955,4,5,0,2,1,206
956,5,4,1,2,1,206
957,5,4,0,3,1,206
958,4,5,0,3,1,206
959,5,5,0,3,1,207
960,5,4,0,3,1,207
961,5,4,0,3,1,207
962,5,4,0,2,1,208
963,4,4,1,2,1,208
964,5,4,1,2,1,208
965,5,3,1,2,2,208
966,5,3,1,2,1,209
967,5,2,2,2,1,209
968,5,2,2,1,1,210
969,5,2,1,2,1,210
970,4,2,2,2,1,210
971,5,2,2,1,1,211
972,5,2,1,2,1,211
973,4,3,1,2,1,211
974,5,3,1,2,0,212
975,5,2,2,2,0,212
976,4,3,2,2,0,212
977,5,3,2,1,0,213
978,4,4,2,1,0,213
979,5,4,1,2,0,213
980,4,4,2,1,1,213
981,5,4,2,1,1,213
982,5,3,2,2,1,213
983,5,3,2,2,0,214
984,5,3,1,2,1,214
985,5,2,2,2,0,215
986,4,3,2,2,0,215
987,5,3,2,1,0,216
988,5,3,1,2,0,216
989,5,2,2,2,0,216
990,5,2,2,2,0,217
991,4,3,2,2,0,217
992,5,2,3,2,0,217
993,5,2,3,2,0,217
994,5,2,3,1,0,217
995,5,2,3,1,0,217
996,4,2,4,0,0,218
997,5,2,3,1,0,218
998,5,1,4,1,0,218
999,5,1,4,1,0,218
1000,4,2,4,1,0,219
1001,5,2,4,0,0,219
1002,4,2,5,0,0,219
1003,5,2,5,0,0,219
1004,5,2,5,0,0,219
1005,5,1,5,1,0,219
1006,4,2,5,0,0,220
1007,5,2,5,0,0,220
1008,5,2,5,0,0,220
1009,4,3,4,1,0,220
1010,5,3,4,1,0,221
1011,5,3,4,0,0,221
1012,5,3,4,0,0,221
1013,4,3,4,1,0,221
1014,5,3,4,0,1,221
1015,4,4,4,0,1,221
1016,5,3,4,1,0,222
1017,5,3,4,1,0,222
1018,5,3,4,1,0,222
1019,4,3,4,1,0,223
1020,5,3,4,1,0,223
1021,5,3,4,1,0,223
1022,4,4,3,1,1,223
1023,5,3,4,1,0,224
1024,5,3,4,1,0,224
1025,5,3,3,2,0,224
1026,5,3,3,1,0,225
1027,5,2,4,1,0,225
1028,5,2,3,2,0,225
1029,4,3,3,2,0,226
1030,5,3,2,2,0,226
1031,5,2,3,2,0,226
1032,4,3,2,2,0,227
1033,5,3,2,2,0,227
1034,5,2,2,3,0,227
1035,5,2,2,3,0,228
1036,4,3,2,2,0,228
1037,5,3,2,2,0,228
1038,5,3,2,2,0,228
1039,4,4,2,2,0,229
1040,5,3,2,3,0,229
1041,5,3,2,3,0,229
1042,5,3,2,3,0,229
1043,5,3,2,2,0,229
1044,4,3,2,3,0,229
1045,5,3,2,2,1,229
1046,5,3,2,2,0,230
1047,5,2,3,2,0,230
1048,4,3,3,1,1,230
1049,5,3,3,1,0,231
1050,5,2,4,1,0,231
1051,5,2,3,2,0,231
1052,5,2,3,2,0,231
1053,5,2,3,1,1,231
1054,5,2,3,1,1,231
1055,5,1,4,1,1,231
1056,5,1,3,1,2,231
1057,5,1,3,1,1,232
1058,5,1,3,1,1,232
1059,5,1,2,2,1,232
1060,5,1,2,1,2,232
1061,5,1,1,2,1,233
1062,5,1,1,1,2,233
1063,5,0,2,1,2,233
1064,5,0,1,2,2,233
1065,4,1,1,1,3,233
1066,5,0,2,1,3,233
1067,4,1,1,2,3,233
1068,5,1,1,1,3,234
1069,5,0,2,1,3,234
1070,5,0,1,2,3,234
1071,5,0,2,2,2,235
1072,5,0,2,1,3,235
1073,4,0,1,2,3,235
1074,5,0,1,2,2,236
1075,5,0,2,1,3,236
1076,4,0,1,2,3,236
1077,5,0,1,2,3,236
1078,4,1,1,2,2,237
1079,5,1,0,2,3,237
1080,5,1,0,2,3,237
1081,5,0,1,2,3,237
1082,4,1,1,2,3,237
1083,5,1,0,3,2,238
1084,5,0,1,2,3,238
1085,4,1,1,2,3,238
1086,5,1,1,2,2,239
1087,5,1,1,1,3,239
1088,4,1,2,1,2,240
1089,5,1,1,2,2,240
1090,4,2,1,1,3,240
1091,5,2,1,1,3,240
1092,5,2,1,1,3,240
1093,4,3,1,1,2,241
1094,5,2,2,1,2,241
1095,5,2,1,2,2,241
1096,5,2,1,2,2,241
1097,5,2,1,2,2,241
1098,5,1,2,2,1,242
1099,5,1,1,2,2,242
1100,5,1,1,2,2,242
1101,4,1,2,2,2,242
1102,5,1,2,2,1,243
1103,4,2,1,3,1,243
1104,5,2,1,2,2,243
1105,5,2,1,2,2,243
1106,4,3,0,2,2,244
1107,5,2,1,2,2,244
1108,5,2,1,2,2,244
1109,5,2,0,2,3,244
1110,5,1,1,2,3,244
1111,4,2,1,2,3,244
1112,5,2,1,2,3,244
1113,5,1,1,3,3,244
1114,5,1,1,2,4,244
1115,5,1,1,2,4,244
1116,5,1,1,2,4,244
1117,5,0,1,3,4,244
1118,4,1,1,3,3,245
1119,5,1,1,3,3,245
1120,4,2,0,4,3,245
1121,5,1,1,3,4,245
1122,4,2,1,3,4,245
1123,5,2,1,3,4,245
1124,5,2,1,3,4,245
1125,5,2,1,2,5,245
1126,5,1,2,2,4,246
1127,4,2,2,1,5,246
1128,5,2,1,2,4,247
1129,5,2,1,2,4,247
1130,4,3,1,2,4,247
1131,5,3,1,2,4,247
1132,5,2,1,3,4,247
1133,5,2,1,3,3,248
1134,4,2,2,3,3,248
1135,5,2,1,3,4,248
1136,5,2,1,3,4,248
1137,5,2,1,3,4,248
1138,5,2,0,3,4,249
1139,5,2,0,3,4,249
1140,4,3,0,3,3,250
1141,5,3,0,3,3,250
1142,5,3,0,3,4,250
1143,5,2,0,3,4,250
1144,5,2,0,3,4,250
1145,5,1,1,3,3,251
1146,4,2,0,3,4,251
1147,5,2,0,3,4,251
1148,5,2,0,2,5,251
1149,5,2,0,2,5,251
1150,4,2,1,2,5,251
1151,5,2,1,2,5,251
1152,5,2,0,3,5,251
1153,4,3,0,2,5,252
1154,5,3,0,2,5,252
1155,5,2,1,2,4,253
1156,5,2,0,3,4,253
1157,5,1,1,3,4,253
1158,5,1,0,3,5,253
1159,5,1,0,3,5,253
1160,5,0,1,3,4,254
1161,5,0,1,3,4,254
1162,4,1,0,4,4,254
1163,5,1,0,3,5,254
1164,5,0,1,3,5,254
1165,5,0,1,3,5,254
1166,5,0,1,3,5,254
1167,5,0,1,3,5,254
1168,4,1,1,3,5,254
1169,5,0,2,3,5,254
1170,5,0,1,4,4,255
1171,5,0,1,4,4,255
1172,4,0,2,4,3,256
1173,5,0,2,3,4,256
1174,4,1,2,3,4,256
1175,5,1,2,2,4,257
1176,5,1,1,3,4,257
1177,5,1,1,3,4,257
1178,4,1,2,3,4,257
1179,5,1,1,3,4,258
1180,4,2,1,3,4,258
1181,5,2,1,3,3,259
1182,4,3,0,3,4,259
1183,5,3,0,3,3,260
1184,5,3,0,4,3,260
1185,4,4,0,4,2,261
1186,5,4,0,3,3,261
1187,5,4,0,3,2,262
1188,4,4,0,3,2,262
1189,5,4,0,3,2,262
1190,5,4,0,2,2,263
1191,5,4,0,3,2,263
1192,5,4,0,3,1,264
1193,5,4,0,3,1,264
1194,5,4,0,2,2,264
1195,5,4,0,2,2,264
1196,4,5,0,2,2,264
1197,5,5,0,1,2,265
1198,5,5,0,1,2,265
1199,5,4,0,1,2,265
1200,5,4,0,1,2,265
1201,5,4,0,1,1,266
1202,4,4,0,2,1,266
1203,5,4,0,2,1,266
1204,4,5,0,2,2,266
1205,5,5,0,2,2,266
1206,5,5,0,2,2,266
1207,5,5,0,2,2,266
1208,5,5,0,2,2,266
1209,5,5,0,1,2,267
1210,5,5,0,1,2,267
1211,5,5,0,1,2,267
1212,5,5,0,0,2,268
1213,4,5,0,0,2,268
1214,5,5,0,0,2,268
1215,5,5,0,1,2,268
1216,5,5,0,0,3,268
1217,4,5,0,0,3,268
1218,5,5,0,0,2,269
1219,5,5,0,0,2,269
1220,5,5,0,1,2,269
1221,5,5,0,1,1,270
1222,5,5,0,1,1,270
1223,4,5,0,0,2,270
1224,5,5,0,0,1,271
1225,5,5,0,0,1,271
1226,5,5,0,0,1,271
1227,5,5,0,0,1,272
1228,4,5,0,0,1,272
1229,5,5,0,0,0,273
1230,5,5,0,0,0,273
1231,5,5,0,0,0,274
1232,4,5,0,0,0,274
1233,5,5,0,0,0,274
1234,5,4,1,0,0,274
1235,5,4,1,0,0,275
1236,5,4,1,0,0,275
1237,4,5,1,0,0,275
1238,5,5,1,0,0,275
1239,5,5,1,0,0,275
1240,5,5,0,1,0,275
1241,5,5,0,0,0,275
1242,4,5,0,1,0,275
1243,5,5,0,1,0,275
1244,5,5,0,2,0,275
1245,5,5,0,2,0,275
1246,5,5,0,1,1,275
1247,4,5,0,1,0,276
1248,5,5,0,1,0,276
1249,5,5,0,1,0,276
1250,5,5,0,0,1,276
1251,5,5,0,0,0,277
1252,5,5,0,0,0,277
1253,5,5,0,0,0,277
1254,4,5,0,1,0,277
1255,5,5,0,0,1,277
1256,5,4,0,1,0,278
1257,5,4,0,1,0,278
1258,5,4,0,1,0,278
1259,4,4,1,0,1,278
1260,5,4,1,0,0,279
1261,5,4,1,0,0,279
1262,4,5,1,0,1,279
1263,5,5,0,0,1,279
1264,5,4,1,0,0,280
1265,4,5,1,0,0,280
1266,5,4,1,1,0,280
1267,5,4,1,1,0,280
1268,5,4,1,1,0,280
1269,4,5,0,1,1,280
1270,5,5,0,1,0,281
1271,5,5,0,1,0,281
1272,4,5,1,1,0,281
1273,5,5,1,0,1,281
1274,5,5,1,0,1,281
1275,5,5,0,1,1,281
1276,5,5,0,1,1,281
1277,5,5,0,1,0,282
1278,4,5,1,1,0,282
1279,5,5,1,0,1,282
1280,5,4,2,0,0,283
1281,5,4,1,1,0,283
1282,4,5,1,1,0,284
1283,5,5,0,2,0,284
1284,5,5,0,2,0,284
1285,5,4,1,2,0,284
1286,5,4,1,1,0,284
1287,5,4,0,2,0,284
1288,4,5,0,2,0,284
1289,5,5,0,2,0,284
1290,5,4,1,1,1,284
1291,4,5,1,1,0,285
1292,5,5,0,2,0,285
1293,5,5,0,2,0,285
1294,5,4,1,1,0,286
1295,4,5,0,2,0,286
1296,5,4,1,2,0,286
1297,4,5,0,3,0,287
1298,5,5,0,2,0,287
1299,5,4,1,2,0,287
1300,4,5,1,2,0,287
1301,5,5,1,2,0,287
1302,4,5,1,3,0,287
1303,5,5,1,2,1,287
1304,5,5,0,3,1,287
1305,5,4,1,3,1,287
1306,5,4,1,3,0,288
1307,5,4,1,3,0,288
1308,4,5,1,3,0,288
1309,5,5,0,3,1,288
1310,5,5,0,3,0,289
1311,4,5,1,3,0,289
1312,5,5,1,3,0,289
1313,5,5,1,2,0,290
1314,5,5,1,2,0,290
1315,5,4,2,2,0,290
1316,5,4,2,2,0,290
1317,5,4,2,2,0,290
1318,4,5,2,1,0,291
1319,5,5,1,2,0,291
1320,5,5,1,2,0,291
1321,4,5,2,1,1,291
1322,5,5,2,1,0,292
1323,5,5,1,2,0,292
1324,5,5,1,2,0,292
1325,4,5,2,2,0,293
1326,5,5,2,2,0,293
1327,5,5,2,2,0,293
1328,5,5,1,3,0,293
1329,4,5,2,3,0,293
1330,5,5,2,3,0,293
1331,5,5,2,3,0,293
1332,5,4,3,3,0,293
1333,5,4,3,3,0,293
1334,5,4,2,3,0,293
1335,5,4,2,3,0,293
1336,4,5,2,3,0,293
1337,5,5,2,3,0,293
1338,5,5,1,4,0,294
1339,4,5,2,3,0,294
1340,5,5,2,3,0,294
1341,5,5,2,3,0,294
1342,5,5,2,3,0,295
1343,5,5,2,3,0,295
1344,5,5,2,2,0,295
1345,5,5,1,3,0,295
1346,5,4,2,3,0,296
1347,4,5,2,2,0,296
1348,5,5,2,2,0,296
1349,5,4,3,2,0,296
1350,5,4,3,1,1,296
1351,5,4,3,1,0,297
1352,4,4,4,0,1,297
1353,5,4,4,0,1,297
1354,4,5,4,0,0,298
1355,5,5,4,0,0,298
1356,5,5,4,0,0,298
1357,5,5,3,0,1,298
1358,5,5,3,0,0,299
1359,5,5,3,0,0,299
1360,5,5,2,1,0,299
1361,5,5,2,1,0,299
1362,4,5,2,2,0,299
1363,5,5,2,2,0,299
1364,5,5,2,2,0,300
1365,4,5,3,2,0,300
1366,5,5,3,1,0,300
1367,5,5,3,1,0,300
1368,5,5,2,2,0,300
1369,4,5,3,1,0,301
1370,5,5,3,1,0,301
1371,5,5,2,2,0,301
1372,5,4,3,2,0,301
1373,4,5,3,2,0,302
1374,5,5,3,1,0,302
1375,5,5,2,2,0,302
1376,5,4,3,2,0,302
1377,5,4,3,1,1,302
1378,5,4,3,1,1,302
1379,4,4,4,1,1,302
1380,5,4,3,2,1,302
1381,4,5,3,2,0,303
1382,5,5,2,2,1,303
1383,5,5,2,2,0,304
1384,4,5,3,2,0,304
1385,5,5,3,2,0,304
1386,5,5,2,3,0,304
1387,4,5,3,2,1,304
1388,5,5,3,2,1,304
1389,5,5,3,2,0,305
1390,4,5,3,3,0,305
1391,5,5,3,2,1,305
1392,5,5,2,3,0,306
1393,5,5,2,3,0,306
1394,5,5,2,2,1,306
1395,5,5,1,3,0,307
1396,4,5,2,3,0,307
1397,5,5,2,2,0,308
1398,5,5,2,2,0,308
1399,5,5,2,2,0,309
1400,5,5,1,2,0,309
1401,5,5,1,2,0,309
1402,4,5,2,1,0,310
1403,5,5,1,2,0,310
1404,5,5,1,1,0,311
1405,4,5,2,1,0,311
1406,5,5,2,1,0,311
1407,5,5,1,2,0,311
1408,5,5,1,2,0,312
1409,5,5,1,1,0,312
1410,5,5,0,2,0,312
1411,5,5,0,2,0,312
1412,5,4,1,1,1,312
1413,5,4,1,1,0,313
1414,4,5,0,2,0,313
1415,5,5,0,1,0,314
1416,5,5,0,1,0,314
1417,5,5,0,1,0,314
1418,5,5,0,1,0,314
1419,4,5,1,0,1,314
1420,5,5,1,0,1,314
1421,5,5,1,0,0,315
1422,5,5,1,0,0,315
1423,5,5,0,1,0,315
1424,5,5,0,0,0,316
1425,5,5,0,0,0,316
1426,5,5,0,0,0,316
1427,5,5,0,0,0,317
1428,4,5,1,0,0,317
1429,5,5,0,1,0,317
1430,5,5,0,1,0,317
1431,5,5,0,1,0,317
1432,5,5,0,1,0,317
1433,5,5,0,1,0,317
1434,4,5,0,0,1,317
1435,5,5,0,0,1,317
1436,5,5,0,0,1,317
1437,4,5,0,1,0,318
1438,5,5,0,1,0,318
1439,5,5,0,1,0,318
1440,5,5,0,0,1,318
1441,4,5,1,0,1,318
1442,5,5,1,0,1,318
1443,5,5,0,0,2,318
1444,5,5,0,0,1,319
1445,4,5,1,0,1,319
1446,5,5,1,0,1,319
1447,5,5,0,1,1,319
1448,5,5,0,1,1,319
1449,5,5,0,1,0,320
1450,4,5,1,0,1,320
1451,5,5,1,0,0,321
1452,5,4,2,0,0,321
1453,5,4,1,0,0,322
1454,4,4,2,0,0,322
1455,5,4,2,0,0,322
1456,4,5,2,0,0,323
1457,5,5,1,0,0,323
1458,4,5,2,0,0,323
1459,5,5,2,0,0,324
1460,5,5,1,1,0,324
1461,5,5,1,1,0,324
1462,5,5,1,1,0,324
1463,5,4,2,1,0,324
1464,5,4,1,2,0,324
1465,4,5,1,2,0,324
1466,5,5,0,3,0,324
1467,5,5,0,3,0,324
1468,5,5,0,3,0,324
1469,5,5,0,4,0,324
1470,5,5,0,4,0,324
1471,5,4,0,4,0,324
1472,5,4,0,4,0,324
1473,5,4,0,4,0,324
1474,5,4,0,4,0,324
1475,5,3,0,4,0,325
1476,5,3,0,4,0,325
1477,5,3,0,5,0,325
1478,5,2,0,5,0,325
1479,5,2,0,4,0,325
1480,5,2,0,4,0,325
1481,5,1,1,4,0,325
1482,5,1,1,3,1,325
1483,4,2,1,3,0,326
1484,5,2,1,3,0,326
1485,4,3,1,2,1,326
1486,5,3,1,2,0,327
1487,5,3,1,2,0,327
1488,5,3,1,2,0,327
1489,4,4,0,3,0,328
1490,5,3,1,3,0,328
1491,5,3,1,3,0,328
1492,5,3,0,3,0,328
1493,5,2,1,3,0,328
1494,5,2,1,3,0,328
1495,5,2,1,3,0,328
1496,5,2,1,2,1,328
1497,5,1,1,3,1,328
1498,5,1,1,3,1,328
1499,4,2,0,4,0,329
1500,5,2,0,3,1,329
1501,5,1,0,4,1,329
1502,5,1,0,4,0,330
1503,4,2,0,3,1,330
1504,5,2,0,4,1,330
1505,5,2,0,4,0,331
1506,5,1,0,4,0,331
1507,4,2,0,3,1,331
1508,5,2,0,4,1,331
1509,5,2,0,3,1,332
1510,5,1,0,3,1,332
1511,4,2,0,3,0,333
1512,5,2,0,4,0,333
1513,5,1,0,3,1,333
1514,4,2,0,3,0,334
1515,5,2,0,4,0,334
1516,5,2,0,4,0,334
1517,4,2,0,3,1,334
1518,5,2,0,3,1,334
1519,5,2,0,4,0,335
1520,5,1,0,4,0,335
1521,4,2,0,3,1,335
1522,5,1,1,3,1,335
1523,5,1,1,3,1,335
1524,5,1,1,2,2,335
1525,4,1,1,3,1,336
1526,5,1,1,3,1,336
1527,5,1,1,3,1,336
1528,5,0,1,3,2,336
1529,5,0,1,3,2,336
1530,4,1,1,3,2,336
1531,5,1,0,3,2,337
1532,5,1,0,3,2,337
1533,4,2,0,3,2,337
1534,5,2,0,4,1,338
1535,5,1,0,4,1,338
1536,5,1,0,4,1,338
1537,5,1,0,3,2,338
1538,4,2,0,4,2,338
1539,5,1,0,4,2,338
1540,5,1,0,4,2,338
1541,5,1,0,3,2,339
1542,5,0,0,4,2,339
1543,5,0,0,4,1,340
1544,5,0,0,4,1,340
1545,5,0,0,5,1,340
1546,5,0,0,4,2,340
1547,5,0,0,4,2,340
1548,5,0,0,4,1,341
1549,4,0,0,4,2,341
1550,5,0,0,4,2,341
1551,5,0,0,4,2,341
1552,5,0,0,3,3,341
1553,4,1,0,3,3,341
1554,5,1,0,3,3,341
1555,5,0,0,2,4,341
1556,5,0,0,2,3,342
1557,5,0,0,2,3,342
1558,5,0,0,1,4,342
1559,5,0,0,1,4,342
1560,4,1,0,1,3,343
1561,5,0,1,0,4,343
1562,5,0,0,1,4,343
1563,5,0,0,1,4,343
1564,4,1,0,1,3,344
1565,5,1,0,1,4,344
1566,5,0,0,1,3,345
1567,4,1,0,1,3,345
1568,5,1,0,0,4,345
1569,5,1,0,0,3,346
1570,4,1,1,0,3,346
1571,5,1,0,1,3,346
1572,5,0,1,1,2,347
1573,4,1,1,0,3,347
1574,5,1,0,1,2,348
1575,5,0,1,1,2,348
1576,5,0,1,1,2,348
1577,5,0,1,0,3,348
1578,5,0,1,0,3,348
1579,5,0,0,1,3,348
1580,5,0,0,1,3,348
1581,5,0,0,1,2,349
1582,5,0,0,2,2,349
1583,5,0,0,1,2,350
1584,5,0,0,1,2,350
1585,5,0,0,1,2,350
1586,5,0,0,1,2,350
1587,4,1,0,1,2,350
1588,5,0,0,1,1,351
1589,5,0,0,1,1,351
1590,5,0,0,2,1,351
1591,5,0,0,1,1,352
1592,5,0,0,1,1,352
1593,5,0,0,0,2,352
1594,4,0,0,0,2,352
1595,5,0,0,0,1,353
1596,5,0,0,0,1,353
1597,5,0,0,0,2,353
1598,5,0,0,0,2,353
1599,4,0,0,0,2,354
1600,5,0,0,0,2,354
1601,5,0,0,0,2,354
1602,4,0,0,0,2,354
1603,5,0,0,0,1,355
1604,4,1,0,0,2,355
1605,5,1,0,0,1,356
1606,4,1,1,0,1,356
1607,5,1,1,0,1,356
1608,5,1,0,0,0,357
1609,4,1,1,0,0,357
1610,5,1,1,0,0,358
1611,5,1,1,0,0,358
1612,4,2,1,0,0,358
1613,5,1,2,0,0,358
1614,4,2,1,1,0,358
1615,5,2,1,0,0,358
1616,4,3,1,0,0,358
1617,5,2,2,0,0,358
1618,5,2,2,0,0,359
1619,5,2,2,0,0,359
1620,5,2,2,0,0,359
1621,5,1,3,0,0,359
1622,5,1,3,0,0,360
1623,4,1,4,0,0,360
1624,5,1,4,0,0,360
1625,5,1,3,0,0,360
1626,4,1,4,0,0,360
1627,5,1,3,1,0,360
1628,5,1,3,0,0,360
1629,5,0,4,0,0,360
1630,5,0,3,1,0,360
1631,5,0,3,1,0,360
1632,5,0,4,0,1,360
1633,5,0,4,0,1,360
1634,5,0,4,0,1,360
1635,5,0,4,0,1,361
1636,5,0,3,0,1,361
1637,4,0,3,0,0,362
1638,5,0,2,1,0,362
1639,5,0,2,1,0,362
1640,4,0,3,0,0,363
1641,5,0,3,0,0,363
1642,4,1,3,0,0,363
1643,5,1,2,0,0,364
1644,5,1,2,0,0,364
1645,4,2,2,0,0,365
1646,5,1,3,0,0,365
1647,4,2,2,0,0,365
1648,5,2,2,0,0,365
1649,4,2,2,1,0,365
1650,5,2,2,0,0,366
1651,5,2,2,0,0,366
1652,4,3,2,0,0,367
1653,5,3,2,0,0,367
1654,5,3,2,0,0,367
1655,5,3,2,0,0,367
1656,4,4,2,0,0,367
1657,5,3,3,0,0,367
1658,5,3,3,0,0,367
1659,5,3,3,0,0,367
1660,5,3,2,0,0,367
1661,5,3,2,0,0,367
1662,5,2,3,0,0,367
1663,5,2,3,0,0,368
1664,4,3,2,1,0,368
1665,5,3,2,1,0,368
1666,5,2,3,1,0,368
1667,4,3,3,0,0,368
1668,5,3,3,0,0,368
1669,5,3,3,0,0,368
1670,5,3,2,1,0,368
1671,4,3,3,0,1,368
1672,5,3,3,0,1,368
1673,5,3,3,0,1,368
1674,5,3,3,0,0,369
1675,4,4,2,1,0,369
1676,5,3,3,1,0,369
1677,5,3,3,1,0,369
1678,5,2,4,1,0,369
1679,5,2,4,1,0,370
1680,5,1,4,1,0,370
1681,4,2,4,1,0,370
1682,5,2,4,1,0,370
1683,5,1,4,1,0,371
1684,5,1,4,1,0,371
1685,4,2,4,1,0,372
1686,5,2,4,0,0,372
1687,4,2,5,0,0,372
1688,5,2,5,0,0,372
1689,5,2,4,0,0,373
1690,4,3,4,0,0,373
1691,5,2,4,1,0,373
1692,4,3,4,1,0,374
1693,5,3,4,1,0,374
1694,5,3,3,1,0,374
1695,5,2,4,1,0,374
1696,5,2,4,1,0,374
1697,4,3,3,2,0,375
1698,5,2,4,1,0,375
1699,5,2,4,1,0,375
1700,4,3,4,1,0,375
1701,5,3,3,1,0,376
1702,5,3,3,1,0,376
1703,5,2,4,1,0,376
1704,5,2,3,2,0,376
1705,4,3,3,2,0,376
1706,5,3,3,2,0,377
1707,5,3,2,3,0,377
1708,5,3,2,3,0,377
1709,4,4,2,2,0,377
1710,5,3,3,2,0,377
1711,5,3,2,3,0,378
1712,4,4,2,3,0,378
1713,5,4,2,3,0,378
1714,5,4,1,4,0,378
1715,5,4,1,4,0,378
1716,5,4,1,4,0,378
1717,5,4,1,4,0,378
1718,5,4,1,4,0,378
1719,5,3,1,5,0,378
1720,5,3,1,5,0,378
1721,4,4,1,5,0,378
1722,5,4,0,5,0,378
1723,5,3,1,5,0,378
1724,4,4,1,5,0,378
1725,5,4,1,5,0,378
1726,4,5,1,5,0,379
1727,5,5,0,5,0,379
1728,5,5,0,5,0,379
1729,5,5,0,4,0,380
1730,5,5,0,4,0,380
1731,4,5,1,4,0,380
1732,5,5,0,5,0,381
1733,5,5,0,5,0,381
1734,4,5,1,5,0,381
1735,5,5,1,5,0,381
1736,5,5,1,5,0,381
1737,5,5,0,5,0,381
1738,5,5,0,5,0,381
1739,4,5,1,4,1,381
1740,5,5,1,4,1,381
1741,5,4,1,5,0,382
1742,4,5,1,4,1,382
1743,5,5,1,4,1,382
1744,5,5,1,4,0,383
1745,4,5,1,4,1,383
1746,5,5,1,4,1,383
1747,5,5,1,4,1,383
1748,4,5,2,4,1,383
1749,5,5,1,5,1,383
1750,5,5,1,4,2,383
1751,5,4,2,4,2,383
1752,5,4,2,4,1,384
1753,5,4,1,4,2,384
1754,5,3,2,4,2,384
1755,5,3,2,4,2,384
1756,4,4,1,4,2,385
1757,5,3,2,4,2,385
1758,5,3,2,4,2,385
1759,5,3,2,4,1,386
1760,5,2,3,3,2,386
1761,4,3,3,3,2,386
1762,5,2,3,3,3,386
1763,5,2,3,3,3,386
1764,5,2,3,3,3,386
1765,5,2,2,4,2,387
1766,5,2,2,3,3,387
1767,5,2,2,3,3,387
1768,4,3,1,4,3,387
1769,5,3,1,4,2,388
1770,5,3,1,3,3,388
1771,5,2,2,3,3,388
1772,5,2,2,2,3,389
1773,5,2,2,2,3,389
1774,5,2,1,3,2,390
1775,5,1,2,3,2,390
1776,5,1,2,3,2,390
1777,4,2,2,3,2,390
1778,5,2,1,3,3,390
1779,5,2,1,3,3,390
1780,5,1,2,3,2,391
1781,4,2,2,3,2,391
1782,5,2,2,3,1,392
1783,5,1,2,4,1,392
1784,4,2,2,4,1,392
1785,5,2,1,4,1,393
1786,4,3,1,4,1,393
1787,5,2,2,4,1,393
1788,4,3,1,5,1,393
1789,5,3,1,4,1,394
1790,5,2,1,5,1,394
1791,5,2,1,4,1,395
1792,5,2,1,4,1,395
1793,4,3,1,4,0,396
1794,5,3,1,4,0,396
1795,4,4,1,4,0,396
1796,5,4,1,3,0,397
1797,5,4,0,4,0,397
1798,5,4,0,4,0,397
1799,5,4,0,4,0,397
1800,4,4,1,4,0,398
1801,5,4,1,4,0,398
1802,5,4,1,4,0,398
1803,4,5,1,4,0,398
1804,5,4,1,5,0,398
1805,5,4,1,5,0,398
1806,5,4,1,5,0,398
1807,5,4,0,5,0,398
1808,4,4,1,5,0,398
1809,5,4,1,5,0,398
1810,5,4,1,5,0,398
1811,5,3,2,5,0,399
1812,4,4,2,5,0,399
1813,5,4,2,5,0,399
1814,5,4,1,5,0,399
1815,5,4,1,5,0,399
1816,4,5,1,5,0,399
1817,5,5,1,5,0,399
1818,5,5,1,5,0,400
1819,5,5,1,5,0,400
1820,5,5,0,5,0,400
1821,5,5,0,5,0,400
1822,4,5,1,5,0,400
1823,5,5,1,5,0,400
1824,5,5,1,5,0,400
1825,4,5,1,5,1,400
1826,5,5,1,5,1,400
1827,5,5,1,5,1,400
1828,5,5,1,5,1,400
1829,4,5,2,5,1,400
1830,5,5,2,4,1,401
1831,5,5,2,4,1,401
1832,5,5,1,5,1,401
1833,5,4,2,5,1,401
1834,5,4,2,5,0,402
1835,5,4,2,5,0,402
1836,4,5,2,5,0,402
1837,5,4,3,5,0,403
1838,5,4,2,5,0,403
1839,5,4,2,5,0,403
1840,5,3,3,5,0,403
1841,4,4,3,5,0,403
1842,5,4,3,5,0,404
1843,5,4,2,5,0,404
1844,4,5,2,5,0,404
1845,5,5,2,5,0,404
1846,5,5,2,5,0,404
1847,5,5,2,5,0,405
1848,4,5,3,5,0,405
1849,5,5,3,5,0,405
1850,5,5,3,5,0,405
1851,5,5,3,5,0,405
1852,4,5,4,5,0,405
1853,5,5,4,5,0,405
1854,5,5,4,5,0,405
1855,5,5,4,5,0,405
1856,5,5,4,5,0,405
1857,5,5,3,5,0,405
1858,4,5,4,5,0,405
1859,5,5,4,5,0,406
1860,5,5,4,5,0,406
1861,5,5,4,5,0,406
1862,4,5,4,5,0,406
1863,5,5,4,5,0,406
1864,5,5,4,5,0,406
1865,5,5,4,5,0,407
1866,5,5,4,5,0,407
1867,4,5,5,5,0,407
1868,5,5,5,5,0,407
1869,5,4,5,5,0,407
1870,5,4,5,5,0,407
1871,4,5,5,5,0,408
1872,5,5,5,5,0,408
1873,5,5,4,5,0,408
1874,4,5,5,5,0,408
1875,5,5,5,5,0,408
1876,5,5,5,4,1,408
1877,5,5,5,4,0,409
1878,5,5,5,3,1,409
1879,4,5,5,4,0,410
1880,5,5,5,4,0,410
1881,5,5,5,4,0,410
1882,5,5,4,5,0,410
1883,5,5,4,5,0,411
1884,5,5,4,5,0,411
1885,5,5,4,5,0,411
1886,5,5,4,5,0,411
1887,5,5,4,5,0,411
1888,5,5,4,5,0,411
1889,5,5,3,5,0,411
1890,5,5,3,5,0,411
1891,5,5,3,5,0,411
1892,5,5,3,5,0,411
1893,5,5,2,5,0,412
1894,5,5,2,5,0,412
1895,5,5,2,5,0,412
1896,5,5,2,4,1,412
1897,4,5,2,5,1,412
1898,5,5,2,5,1,412
1899,5,5,2,5,1,412
1900,5,5,2,5,1,412
1901,5,5,2,5,1,412
1902,5,5,2,5,1,412
1903,4,5,2,5,1,413
1904,5,5,2,5,1,413
1905,5,5,2,5,0,414
1906,5,5,2,5,0,414
1907,5,5,2,5,0,414
1908,5,4,2,5,1,414
1909,5,4,2,5,0,415
1910,4,5,2,5,0,415
1911,5,5,2,5,0,415
1912,5,4,2,5,0,416
1913,5,4,2,5,0,416
1914,5,4,2,5,0,417
1915,4,5,2,5,0,417
1916,5,5,1,5,0,417
1917,4,5,2,5,0,417
1918,5,5,2,5,0,417
1919,5,5,2,5,0,417
1920,5,4,3,5,0,418
1921,4,5,3,5,0,418
1922,5,5,3,5,0,418
1923,5,5,3,5,0,418
1924,5,5,2,5,0,418
1925,4,5,3,5,0,418
1926,5,5,3,5,0,418
1927,5,5,3,5,0,418
1928,5,4,4,5,0,418
1929,5,4,3,5,1,418
1930,4,5,3,5,1,418
1931,5,4,4,5,0,419
1932,5,4,3,5,1,419
1933,5,4,3,5,1,419
1934,5,4,3,5,0,420
1935,5,4,3,5,0,420
1936,5,4,3,5,0,421
1937,5,4,3,5,0,421
1938,4,5,3,5,0,421
1939,5,5,2,5,0,421
1940,4,5,3,5,0,421
1941,5,5,3,5,0,421
1942,5,5,3,5,0,421
1943,5,5,3,5,0,422
1944,4,5,4,5,0,422
1945,5,5,3,5,0,422
1946,5,5,3,5,0,422
1947,5,5,3,5,0,422
1948,5,5,3,5,0,423
1949,5,5,3,5,0,423
1950,4,5,3,5,0,423
1951,5,5,3,5,0,423
1952,5,5,3,5,0,424
1953,5,5,2,5,0,424
1954,4,5,3,5,0,424
1955,5,5,3,5,0,424
1956,5,5,3,5,0,425
1957,4,5,4,5,0,425
1958,5,5,3,5,0,425
1959,5,5,3,5,0,425
1960,4,5,4,5,0,425
1961,5,5,4,5,0,426
1962,5,5,4,5,0,426
1963,5,4,4,5,0,426
1964,4,5,4,5,0,426
1965,5,5,4,5,0,427
1966,5,5,4,4,0,427
1967,5,5,4,4,0,427
1968,5,5,4,4,0,427
1969,5,5,3,5,0,427
1970,5,5,3,5,0,427
1971,4,5,4,5,0,427
1972,5,5,4,5,0,428
1973,5,5,4,5,0,428
1974,4,5,5,5,0,428
1975,5,5,4,5,0,428
1976,5,5,4,5,0,428
1977,4,5,5,5,0,428
1978,5,5,5,5,0,429
1979,5,5,5,5,0,429
1980,5,5,5,4,0,429
1981,5,5,5,4,0,429
1982,4,5,5,5,0,430
1983,5,5,5,4,0,430
1984,5,5,5,4,0,430
1985,5,5,4,5,0,430
1986,4,5,5,5,0,430
1987,5,5,5,4,1,430
1988,5,5,5,4,1,430
1989,5,5,5,4,0,431
1990,5,5,5,4,0,431
1991,5,5,5,4,0,431
1992,5,5,5,4,0,432
1993,5,5,5,4,0,432
1994,4,5,5,4,0,432
1995,5,5,5,4,0,432
1996,5,5,5,4,0,432
1997,5,5,5,4,0,432
1998,5,5,5,3,0,433
1999,5,4,5,4,0,433
2000,4,5,5,3,0,434
2001,5,5,4,4,0,434
2002,5,4,5,4,0,434
2003,5,4,5,4,0,434
2004,5,4,5,3,1,434
2005,5,4,5,3,0,435
2006,5,4,4,4,0,435
2007,5,3,5,4,0,435
2008,5,3,5,3,1,435
2009,4,4,5,3,0,436
2010,5,4,5,2,1,436
2011,4,5,5,2,1,436
2012,5,5,5,1,1,437
2013,5,5,5,1,1,437
2014,5,5,4,2,0,438
2015,4,5,5,1,1,438
2016,5,5,4,2,1,438
2017,5,5,4,2,1,438
2018,5,5,4,1,1,439
2019,5,5,4,1,1,439
2020,4,5,5,1,0,440
2021,5,5,4,2,0,440
2022,5,5,4,1,1,440
2023,5,5,4,1,0,441
2024,5,5,4,0,1,441
2025,5,5,3,1,1,441
2026,5,5,3,1,0,442
2027,5,5,2,1,1,442
2028,5,5,2,1,1,442
2029,5,5,2,1,0,443
2030,5,5,2,1,0,443
2031,5,5,2,0,1,443
2032,4,5,2,1,1,443
2033,5,5,2,1,1,443
2034,5,5,2,1,0,444
2035,5,5,1,2,0,444
2036,5,4,2,1,1,444
2037,4,5,2,1,1,444
2038,5,5,1,2,0,445
2039,5,5,1,2,0,445
2040,5,4,1,3,0,446
2041,5,4,1,3,0,446
2042,5,4,1,3,0,446
2043,5,4,0,4,0,446
2044,5,4,0,3,0,446
2045,5,4,0,3,0,446
2046,5,3,1,3,0,447
2047,4,4,1,3,0,447
2048,5,4,1,3,0,447
2049,5,4,0,3,0,447
2050,5,4,0,3,0,447
2051,5,4,0,2,0,448
2052,4,5,0,2,0,448
2053,5,4,1,2,0,448
2054,5,4,1,2,0,448
2055,4,5,1,2,0,449
2056,5,4,2,2,0,449
2057,5,4,2,1,0,449
2058,5,4,1,2,0,449
2059,4,5,1,2,0,449
2060,5,5,1,2,0,449
2061,5,5,1,2,0,450
2062,5,5,1,2,0,450
2063,5,5,1,2,0,450
2064,5,5,1,2,0,450
2065,5,5,0,3,0,450
2066,4,5,1,2,0,450
2067,5,5,0,3,0,450
2068,4,5,1,3,0,450
2069,5,5,1,2,0,451
2070,5,5,1,2,0,451
2071,5,5,1,1,0,452
2072,5,4,1,2,0,452
2073,5,4,1,2,0,452
2074,4,5,1,1,0,453
2075,5,4,2,1,0,453
2076,4,5,1,2,0,453
2077,5,5,1,2,0,453
2078,5,4,2,2,0,454
2079,4,5,2,1,0,454
2080,5,5,2,1,0,454
2081,5,5,1,2,0,455
2082,5,5,1,2,0,455
2083,5,5,1,2,0,455
2084,5,5,1,1,0,455
2085,5,5,1,1,0,455
2086,5,5,0,2,0,455
2087,4,5,1,2,0,456
2088,5,5,1,2,0,456
2089,5,4,1,2,0,456
2090,5,4,1,2,0,456
2091,5,4,1,1,1,456
2092,5,4,1,1,1,456
2093,4,5,0,2,0,457
2094,5,5,0,2,0,457
2095,5,4,1,1,0,458
2096,5,4,1,1,0,458
2097,5,4,1,1,0,458
2098,5,3,2,1,0,459
2099,5,3,2,1,0,459
2100,5,3,1,2,0,459
2101,5,2,2,1,0,459
2102,5,2,1,2,0,459
2103,5,2,1,1,1,459
2104,5,2,1,1,1,459
2105,5,1,1,2,0,460
2106,5,1,1,1,1,460
2107,4,2,1,1,1,460
2108,5,1,1,2,1,460
2109,5,1,1,2,1,460
2110,4,2,1,1,2,460
2111,5,1,1,2,1,461
2112,5,1,1,2,1,461
2113,4,2,1,2,1,461
2114,5,2,1,2,1,461
2115,5,1,1,3,0,462
2116,5,1,1,3,0,462
2117,5,1,0,4,0,462
2118,5,1,0,4,0,462
2119,5,1,0,5,0,462
2120,4,2,0,5,0,462
2121,5,2,0,5,0,462
2122,4,3,0,4,0,463
2123,5,3,0,4,0,463
2124,5,3,0,3,1,463
2125,4,4,0,3,0,464
2126,5,4,0,3,0,464
2127,5,3,0,2,1,464
2128,4,4,0,2,0,465
2129,5,4,0,3,0,465
2130,5,4,0,2,1,465
2131,4,5,0,2,1,465
2132,5,4,0,2,1,465
2133,5,4,0,2,1,465
2134,4,5,0,1,2,465
2135,5,5,0,2,2,465
2136,5,4,0,2,1,466
2137,5,4,0,2,1,466
2138,4,5,0,3,1,466
2139,5,5,0,3,1,466
2140,5,5,0,3,0,467
2141,5,5,0,2,1,467
2142,5,5,0,2,1,467
2143,5,5,0,2,0,468
2144,5,5,0,2,0,468
2145,5,5,0,2,0,468
2146,4,5,0,2,0,469
2147,5,5,0,1,0,469
2148,5,5,0,1,0,469
2149,4,5,1,1,0,470
2150,5,5,0,2,0,470
2151,5,5,0,1,0,470
2152,5,5,0,1,0,470
2153,5,5,0,1,0,470
2154,5,5,0,1,0,470
2155,4,5,1,0,1,470
2156,5,5,1,0,1,470
2157,5,5,1,0,1,470
2158,5,5,0,0,1,471
2159,4,5,1,0,1,471
2160,5,5,1,0,1,471
2161,5,5,0,1,0,472
2162,5,5,0,1,0,472
2163,5,5,0,1,0,472
2164,4,5,1,0,0,473
2165,5,5,0,1,0,473
2166,5,5,0,1,0,473
2167,5,5,0,0,1,473
2168,4,5,1,0,1,473
2169,5,5,0,1,1,473
2170,5,5,0,1,0,474
2171,5,5,0,1,0,474
2172,5,5,0,1,0,475
2173,4,5,0,1,0,475
2174,5,5,0,1,0,475
2175,5,5,0,1,0,475
2176,5,5,0,1,0,475
2177,5,5,0,1,0,475
2178,5,5,0,1,1,475
2179,5,5,0,1,0,476
2180,4,5,0,1,0,476
2181,5,5,0,1,0,476
2182,5,5,0,1,1,476
2183,5,4,0,1,0,477
2184,5,4,0,1,0,477
2185,5,4,0,2,0,477
2186,5,4,0,2,0,477
2187,4,4,0,2,0,477
2188,5,4,0,2,0,477
2189,5,4,0,2,0,477
2190,5,4,0,2,0,477
2191,5,4,0,1,1,477
2192,5,3,1,1,1,477
2193,4,4,1,1,0,478
2194,5,4,0,2,0,478
2195,5,4,0,2,0,478
2196,4,4,1,2,0,478
2197,5,4,1,2,0,478
2198,4,5,0,3,0,478
2199,5,5,0,3,0,478
2200,5,4,1,3,0,479
2201,4,5,1,3,0,479
2202,5,5,1,2,0,479
2203,5,5,1,2,0,479
2204,5,4,1,3,0,480
2205,5,4,1,2,0,480
2206,4,5,1,2,0,480
2207,5,5,1,2,0,480
2208,4,5,1,2,0,481
2209,5,5,1,2,0,481
2210,5,5,1,1,1,481
2211,4,5,2,1,1,481
2212,5,5,2,1,1,481
2213,5,5,1,1,1,482
2214,5,5,1,1,1,482
2215,4,5,1,2,1,482
2216,5,5,1,2,1,482
2217,5,5,0,3,0,483
2218,4,5,1,3,0,483
2219,5,5,1,3,0,483
2220,5,5,0,3,1,483
2221,5,5,0,3,0,484
2222,5,5,0,4,0,484
2223,4,5,0,3,1,484
2224,5,5,0,3,0,485
2225,5,4,1,2,1,485
2226,5,4,0,3,1,485
2227,5,4,0,3,0,486
2228,4,5,0,2,1,486
2229,5,5,0,3,1,486
2230,5,5,0,3,0,487
2231,5,5,0,3,0,487
2232,5,5,0,2,1,487
2233,5,5,0,2,1,487
2234,5,5,0,2,0,488
2235,5,5,0,2,0,488
2236,5,5,0,2,0,489
2237,4,5,0,2,0,489
2238,5,5,0,1,0,489
2239,4,5,1,1,0,489
2240,5,5,1,1,0,489
2241,5,5,0,1,1,489
2242,4,5,1,1,1,489
2243,5,5,1,1,0,490
2244,5,5,0,2,0,490
2245,5,5,0,2,0,490
2246,5,5,0,1,0,491
2247,5,4,0,2,0,491
2248,5,4,0,2,0,491
2249,5,4,0,1,1,491
2250,5,3,1,1,0,492
2251,4,4,1,1,0,492
2252,5,4,1,1,0,492
2253,5,4,0,1,0,493
2254,4,5,0,1,0,493
2255,5,5,0,2,0,493
2256,5,4,0,1,0,494
2257,4,5,0,1,0,494
2258,5,5,0,1,0,495
2259,5,5,0,1,0,495
2260,5,5,0,1,0,495
2261,4,5,0,1,0,496
2262,5,5,0,0,0,496
2263,5,5,0,1,0,496
2264,5,5,0,1,0,496
2265,5,5,0,1,0,496
2266,4,5,0,1,0,496
2267,5,5,0,1,0,497
2268,5,5,0,0,0,497
2269,5,5,0,1,0,497
2270,4,5,0,1,0,497
2271,5,5,0,1,0,497
2272,5,5,0,1,0,497
2273,4,5,1,1,0,497
2274,5,5,1,1,0,497
2275,5,5,1,1,0,497
2276,4,5,2,0,0,498
2277,5,5,2,0,0,498
2278,5,5,1,1,0,498
2279,5,5,1,1,0,498
2280,4,5,1,1,0,499
2281,5,5,1,1,0,499
2282,5,5,1,1,0,499
2283,4,5,2,0,1,499
2284,5,5,1,1,1,499
2285,5,5,1,0,1,500
2286,5,5,1,0,1,500
2287,4,5,1,1,1,500
2288,5,5,1,1,0,501
2289,4,5,2,0,1,501
2290,5,5,2,0,1,501
2291,5,5,2,0,0,502
2292,4,5,3,0,1,502
2293,5,5,3,0,1,502
2294,5,5,3,0,0,503
2295,4,5,4,0,0,503
2296,5,5,3,0,0,503
2297,5,5,3,0,0,503
2298,5,5,3,0,0,503
2299,4,5,4,0,0,504
2300,5,5,4,0,0,504
2301,5,5,3,0,0,504
2302,5,5,3,0,0,505
2303,5,5,3,0,0,505
2304,4,5,4,0,0,505
2305,5,5,4,0,0,505
2306,5,5,3,0,0,505
2307,5,5,3,0,0,505
2308,5,5,3,0,0,506
2309,5,5,3,0,0,506
2310,5,5,3,0,0,506
2311,5,5,3,0,0,506
2312,5,5,3,0,0,506
2313,5,5,3,0,0,506
2314,4,5,4,0,0,506
2315,5,5,3,0,0,507
2316,5,5,3,0,0,507
2317,5,5,2,0,0,507
2318,5,5,2,0,0,507
2319,5,4,3,0,0,507
2320,4,5,3,0,1,507
2321,5,5,2,0,1,507
2322,5,5,2,0,1,507
2323,5,4,3,0,1,507
2324,4,5,3,0,0,508
2325,5,5,3,0,0,508
2326,4,5,3,0,0,509
2327,5,5,3,0,0,509
2328,5,5,3,0,0,510
2329,5,5,3,0,0,510
2330,5,4,3,1,0,510
2331,5,4,3,0,0,510
2332,5,4,3,0,0,510
2333,5,3,3,1,0,510
2334,5,3,3,1,0,511
2335,5,3,3,1,0,511
2336,5,2,4,0,0,511
2337,4,3,4,0,0,511
2338,5,2,5,0,0,511
2339,4,3,5,0,0,512
2340,5,3,5,0,0,512
2341,4,4,4,1,0,512
2342,5,4,4,0,0,512
2343,5,3,5,0,0,512
2344,4,4,5,0,0,512
2345,5,4,5,0,0,512
2346,5,3,5,0,0,513
2347,5,3,5,0,0,513
2348,4,4,5,0,0,513
2349,5,4,4,1,0,514
2350,4,5,4,0,0,514
2351,5,5,4,0,0,514
2352,5,5,3,1,0,514
2353,5,5,3,1,0,514
2354,4,5,4,1,0,514
2355,5,5,4,1,0,514
2356,5,5,4,1,0,514
2357,4,5,5,0,1,514
2358,5,5,5,0,1,514
2359,5,5,4,1,1,514
2360,5,5,4,0,2,514
2361,5,5,4,0,2,514
2362,5,5,3,1,1,515
2363,5,5,3,1,1,515
2364,4,5,4,1,1,515
2365,5,5,4,1,0,516
2366,5,5,4,0,1,516
2367,5,5,4,0,0,517
2368,4,5,5,0,0,517
2369,5,5,4,1,0,518
2370,5,5,4,0,0,518
2371,5,4,5,0,0,518
2372,5,4,4,1,0,518
2373,5,4,4,0,1,518
2374,5,4,4,0,0,519
2375,4,5,3,1,0,519
2376,5,5,3,1,0,519
2377,5,5,3,1,0,519
2378,5,5,2,2,0,519
2379,4,5,3,1,1,519
2380,5,5,3,1,0,520
2381,5,5,2,2,0,520
2382,5,5,2,2,0,520
2383,4,5,3,2,0,520
2384,5,5,3,2,0,520
2385,5,5,2,3,0,521
2386,5,5,2,3,0,521
2387,5,5,2,3,0,521
2388,5,5,1,3,0,521
2389,4,5,2,3,0,521
2390,5,5,2,2,1,521
2391,5,4,3,2,0,522
2392,4,5,3,2,0,522
2393,5,4,4,2,0,522
2394,5,4,4,2,0,522
2395,5,4,3,3,0,523
2396,4,4,4,3,0,523
2397,5,4,3,4,0,523
2398,4,5,3,4,0,523
2399,5,5,3,4,0,523
2400,4,5,4,4,0,523
2401,5,5,4,4,0,523
2402,5,5,3,5,0,523
2403,5,5,3,5,0,523
2404,5,5,3,4,0,523
2405,5,5,2,5,0,523
2406,5,5,2,5,0,524
2407,5,5,2,5,0,524
2408,4,5,3,4,0,524
2409,5,5,3,4,0,524
2410,5,5,2,5,0,524
2411,5,5,2,5,0,524
2412,4,5,3,5,0,525
2413,5,5,3,4,0,525
2414,5,4,4,4,0,525
2415,5,4,3,4,1,525
2416,5,4,3,4,1,525
2417,5,4,3,4,1,525
2418,5,4,3,4,0,526
2419,4,4,3,4,1,526
2420,5,4,3,4,1,526
2421,5,4,3,3,2,526
2422,5,3,4,3,2,526
2423,5,3,4,3,2,526
2424,4,4,3,4,2,526
2425,5,4,3,3,2,527
2426,4,4,4,3,2,527
2427,5,4,3,3,3,527
2428,5,4,3,3,3,527
2429,4,5,3,3,3,527
2430,5,5,3,3,3,527
2431,5,5,2,3,4,527
2432,5,5,2,3,4,527
2433,5,4,2,4,3,528
2434,5,4,2,4,3,528
2435,4,5,2,3,3,529
2436,5,5,2,3,3,529
2437,4,5,2,3,3,530
2438,5,5,2,3,3,530
2439,5,5,2,3,3,530
2440,5,5,2,2,3,531
2441,5,5,2,2,3,531
2442,5,5,1,3,3,531
2443,5,5,1,3,2,532
2444,5,5,0,4,2,532
2445,5,5,0,4,2,532
2446,5,5,0,3,3,532
2447,4,5,0,4,3,532
2448,5,5,0,4,3,532
2449,5,5,0,4,2,533
2450,5,5,0,4,2,533
2451,4,5,1,4,2,533
2452,5,5,0,5,2,533
2453,5,5,0,4,3,533
2454,5,5,0,4,3,533
2455,5,5,0,5,3,533
2456,5,5,0,4,4,533
2457,5,5,0,4,3,534
2458,4,5,0,4,3,534
2459,5,5,0,4,2,535
2460,5,5,0,3,3,535
2461,5,5,0,4,2,536
2462,5,5,0,4,2,536
2463,5,5,0,3,3,536
2464,5,5,0,3,3,536
2465,4,5,0,3,2,537
2466,5,5,0,3,2,537
2467,5,5,0,3,2,537
2468,4,5,1,3,1,538
2469,5,5,0,4,1,538
2470,5,5,0,4,1,538
2471,5,5,0,4,0,539
2472,5,5,0,5,0,539
2473,5,5,0,4,1,539
2474,5,5,0,4,1,539
2475,5,5,0,4,0,540
2476,5,4,0,3,1,540
2477,5,4,0,3,1,540
2478,4,5,0,4,1,540
2479,5,5,0,3,2,540
2480,4,5,0,3,2,540
2481,5,5,0,3,1,541
2482,5,5,0,3,2,541
2483,5,5,0,3,2,541
2484,5,5,0,3,2,541
2485,5,5,0,2,3,541
2486,5,5,0,2,2,542
2487,5,5,0,1,3,542
2488,4,5,0,1,3,542
2489,5,5,0,1,2,543
2490,5,5,0,1,2,543
2491,5,5,0,0,2,544
2492,4,5,1,0,2,544
2493,5,5,0,0,3,544
2494,5,5,0,0,3,544
2495,5,5,0,1,3,544
2496,5,5,0,1,3,544
2497,5,5,0,1,2,545
2498,5,5,0,1,2,545
2499,4,5,0,1,1,546
2500,5,5,0,1,1,546
2501,5,5,0,1,1,546
2502,5,5,0,1,1,546
2503,5,5,0,1,1,547
2504,5,5,0,1,1,547
2505,5,5,0,1,1,547
2506,5,5,0,1,1,547
2507,4,5,0,0,2,547
2508,5,5,0,0,2,547
2509,5,5,0,0,1,548
2510,5,5,0,0,2,548
2511,5,5,0,0,2,548
2512,5,5,0,0,2,548
2513,5,5,0,0,1,549
2514,5,5,0,0,1,549
2515,5,5,0,0,2,549
2516,5,5,0,0,2,549
2517,5,5,0,0,2,549
2518,5,5,0,0,2,549
2519,4,5,0,0,1,550
2520,5,5,0,0,1,550
2521,5,5,0,0,0,551
2522,5,5,0,0,0,551
2523,4,5,0,0,0,551
2524,5,5,0,0,1,551
2525,5,5,0,0,0,552
2526,4,5,1,0,0,552
2527,5,5,1,0,0,553
2528,5,5,0,0,0,553
2529,5,4,1,0,0,553
2530,4,5,1,0,0,553
2531,5,5,1,0,0,553
2532,5,4,2,0,0,553
2533,5,4,1,0,0,554
2534,5,4,1,0,0,554
2535,5,4,1,0,0,554
2536,5,3,2,0,0,554
2537,5,3,2,0,0,554
2538,5,3,2,0,0,554
2539,5,3,1,1,0,554
2540,5,3,1,1,0,554
2541,5,3,1,0,0,554
2542,5,2,1,1,0,554
2543,4,3,1,0,1,554
2544,5,3,1,0,1,554
2545,5,3,0,1,0,555
2546,4,4,0,1,0,555
2547,5,3,1,1,0,555
2548,4,4,1,1,0,556
2549,5,4,0,2,0,556
2550,5,4,0,2,0,556
2551,4,4,1,2,0,556
2552,5,4,0,2,0,556
2553,5,4,0,2,0,556
2554,5,4,0,2,0,556
2555,4,4,1,2,0,557
2556,5,4,0,3,0,557
2557,5,4,0,3,0,557
2558,4,5,0,2,0,557
2559,5,5,0,2,0,557
2560,5,5,0,2,0,557
2561,5,5,0,1,1,557
2562,4,5,0,2,1,557
2563,5,5,0,2,1,557
2564,5,5,0,1,2,557
2565,5,5,0,1,2,557
2566,5,5,0,1,2,557
2567,5,5,0,1,2,557
2568,5,5,0,2,2,557
2569,5,5,0,2,2,557
2570,5,5,0,2,2,557
2571,5,5,0,1,3,557
2572,5,5,0,1,2,558
2573,4,5,0,0,3,558
2574,5,5,0,0,3,558
2575,4,5,0,1,3,558
2576,5,5,0,1,3,558
2577,5,5,0,1,2,559
2578,4,5,1,1,2,559
2579,5,5,1,1,1,560
2580,5,5,0,2,1,560
2581,5,5,0,1,2,560
2582,4,5,1,1,1,561
2583,5,5,1,1,1,561
2584,5,5,0,2,1,561
2585,4,5,1,1,1,562
2586,5,5,1,1,1,562
2587,5,5,0,2,1,562
2588,5,5,0,2,1,562
2589,5,5,0,3,1,562
2590,4,5,0,3,0,563
2591,5,5,0,2,1,563
2592,5,5,0,2,0,564
2593,5,5,0,2,0,564
2594,4,5,0,3,0,564
2595,5,5,0,3,0,564
2596,5,5,0,3,0,564
2597,5,5,0,3,0,564
2598,4,5,1,3,0,564
2599,5,5,1,2,0,565
2600,5,5,1,2,0,565
2601,5,5,0,3,0,565
2602,4,5,1,3,0,566
2603,5,5,0,4,0,566
2604,5,5,0,4,0,566
2605,5,5,0,4,0,566
2606,5,5,0,4,0,566
2607,5,5,0,4,0,566
2608,4,5,1,4,0,566
2609,5,5,0,5,0,566
2610,5,5,0,5,0,566
2611,5,5,0,5,0,566
2612,4,5,0,5,0,566
2613,5,5,0,5,0,566
2614,5,5,0,5,0,567
2615,4,5,0,5,0,567
2616,5,5,0,5,0,567
2617,5,5,0,5,0,567
2618,5,5,0,5,0,567
2619,5,5,0,5,0,568
2620,5,5,0,5,0,568
2621,4,5,1,5,0,568
2622,5,5,1,5,0,568
2623,5,5,1,5,0,568
2624,5,5,1,5,0,568
2625,4,5,2,5,0,568
2626,5,5,1,5,0,568
2627,5,5,1,5,0,568
2628,5,5,1,5,0,568
2629,5,5,0,5,1,568
2630,5,5,0,5,1,568
2631,4,5,1,5,1,568
2632,5,5,1,5,0,569
2633,5,5,0,5,1,569
2634,5,5,0,5,1,569
2635,5,5,0,5,1,569
2636,4,5,1,5,1,569
2637,5,5,1,4,2,569
2638,5,5,1,4,2,569
2639,5,5,1,4,2,569
2640,5,5,1,4,1,570
2641,4,5,2,4,1,570
2642,5,5,2,3,2,570
2643,5,5,1,4,2,570
2644,4,5,2,4,2,570
2645,5,5,2,4,2,570
2646,5,5,1,4,3,570
2647,5,5,1,4,3,570
2648,5,4,2,4,2,571
2649,4,5,1,5,2,571
2650,5,5,1,4,3,571
2651,5,5,1,4,2,572
2652,5,5,1,4,2,572
2653,4,5,1,4,3,572
2654,5,5,1,4,3,572
2655,5,5,1,3,4,572
2656,5,5,1,3,4,572
2657,5,5,1,3,3,573
2658,5,5,1,3,3,573
2659,4,5,1,4,3,573
2660,5,5,1,3,4,573
2661,5,5,1,3,4,573
2662,5,5,0,4,4,573
2663,5,5,0,4,3,574
2664,4,5,1,3,4,574
2665,5,5,1,3,3,575
2666,5,5,1,3,3,575
2667,5,5,1,2,3,576
2668,5,5,1,2,3,576
2669,5,4,2,2,3,576
2670,5,4,1,3,2,577
2671,4,5,1,3,2,577
2672,5,4,2,3,2,577
2673,5,4,2,3,2,577
2674,4,5,2,2,2,578
2675,5,5,1,3,2,578
2676,5,5,1,3,1,579
2677,4,5,2,2,2,579
2678,5,5,2,2,2,579
2679,5,5,1,3,2,579
2680,5,4,2,3,1,580
2681,4,5,2,2,2,580
2682,5,4,2,3,2,580
2683,5,4,2,3,1,581
2684,4,5,2,2,2,581
2685,5,5,1,3,1,582
2686,5,5,1,3,1,582
2687,5,4,2,2,2,582
2688,5,4,2,2,1,583
2689,5,4,2,2,1,583
2690,5,3,2,2,2,583
2691,4,4,2,2,1,584
2692,5,4,1,3,1,584
2693,5,4,1,2,1,585
2694,5,3,2,2,1,585
2695,5,3,1,3,1,585
2696,5,3,1,3,0,586
2697,4,4,1,2,1,586
2698,5,4,0,3,1,586
2699,4,4,1,3,1,586
2700,5,4,1,2,1,587
2701,5,4,1,2,1,587
2702,4,5,1,2,1,587
2703,5,5,1,1,1,588
2704,5,5,1,1,1,588
2705,4,5,1,2,0,589
2706,5,5,1,2,0,589
2707,5,5,0,2,1,589
2708,5,5,0,2,0,590
2709,5,5,0,1,1,590
2710,5,5,0,2,0,591
2711,5,5,0,2,0,591
2712,4,5,0,2,0,591
2713,5,5,0,2,0,591
2714,5,4,0,2,0,592
2715,4,5,0,2,0,592
2716,5,5,0,2,0,592
2717,5,5,0,3,0,592
2718,5,5,0,3,0,593
2719,5,5,0,2,0,593
2720,4,5,0,2,0,593
2721,5,5,0,1,1,593
2722,5,5,0,2,1,593
2723,5,5,0,2,1,593
2724,4,5,0,2,1,593
2725,5,5,0,1,2,593
2726,5,5,0,1,2,593
2727,5,4,1,0,2,594
2728,5,4,0,1,2,594
2729,4,5,0,1,1,595
2730,5,4,0,2,1,595
2731,5,4,0,2,1,595
2732,5,4,0,2,0,596
2733,4,5,0,1,1,596
2734,5,5,0,2,1,596
2735,4,5,0,2,1,596
2736,5,5,0,2,1,596
2737,5,5,0,2,1,596
2738,5,5,0,2,1,596
2739,5,5,0,2,1,596
2740,5,5,0,1,1,597
2741,5,5,0,2,1,597
2742,4,5,0,2,1,597
2743,5,5,0,2,1,597
2744,5,5,0,2,1,598
2745,5,5,0,2,1,598
2746,5,5,0,2,1,598
2747,4,5,0,2,1,598
2748,5,5,0,1,2,598
2749,4,5,1,1,2,598
2750,5,5,1,1,2,598
2751,5,5,1,0,2,599
2752,5,5,1,0,2,599
2753,5,5,1,0,1,600
2754,5,5,1,0,1,600
2755,5,5,1,0,1,600
2756,5,5,1,0,1,601
2757,5,5,0,0,1,601
2758,5,5,0,0,1,601
2759,5,5,0,1,1,601
2760,5,5,0,1,1,601
2761,5,5,0,0,2,601
2762,5,5,0,0,1,602
2763,5,5,0,0,1,602
2764,4,5,0,0,2,602
2765,5,5,0,0,2,602
2766,5,5,0,0,2,602
2767,5,5,0,0,2,602
2768,5,5,0,0,1,603
2769,5,5,0,0,1,603
2770,4,5,0,0,1,603
2771,5,5,0,0,1,604
2772,5,5,0,0,1,604
2773,5,5,0,0,1,604
2774,4,5,1,0,1,604
2775,5,5,1,0,0,605
2776,5,5,0,0,0,605
2777,5,5,0,0,0,605
2778,4,5,0,1,0,605
2779,5,5,0,1,0,605
2780,5,5,0,1,1,605
2781,4,5,0,1,0,606
2782,5,5,0,1,0,606
2783,5,5,0,1,0,606
2784,5,5,0,1,0,606
2785,4,5,1,0,0,607
2786,5,5,0,1,0,607
2787,5,5,0,1,0,607
2788,5,4,0,2,0,607
2789,5,4,0,2,0,607
2790,5,4,0,2,0,607
2791,5,4,0,3,0,607
2792,5,3,0,3,0,607
2793,4,4,0,3,0,607
2794,5,4,0,3,0,607
2795,5,4,0,3,0,608
2796,5,4,0,3,0,608
2797,5,4,0,3,0,608
2798,5,4,0,4,0,608
2799,5,4,0,3,0,608
2800,5,3,0,3,0,608
2801,5,3,0,2,0,609
2802,4,4,0,2,0,609
2803,5,4,0,1,1,609
2804,5,4,0,2,0,610
2805,5,4,0,2,0,610
2806,4,4,0,2,0,610
2807,5,4,0,2,0,610
2808,4,5,0,2,0,611
2809,5,4,0,3,0,611
2810,5,4,0,2,0,611
2811,5,4,0,2,0,611
2812,4,5,0,3,0,612
2813,5,4,0,3,0,612
2814,5,4,0,3,0,612
2815,5,4,0,2,0,612
2816,5,4,0,3,0,612
2817,4,5,0,3,0,612
2818,5,5,0,3,0,612
2819,5,5,0,2,1,612
2820,5,5,0,2,1,612
2821,5,5,0,2,1,612
2822,5,5,0,2,1,612
2823,5,4,0,2,1,612
2824,4,5,0,2,1,612
2825,5,5,0,1,1,613
2826,5,5,0,2,1,613
2827,4,5,0,2,1,613
2828,5,5,0,2,1,613
2829,5,5,0,2,0,614
2830,5,5,0,3,0,614
2831,5,5,0,3,0,614
2832,4,5,0,3,0,614
2833,5,5,0,3,0,615
2834,5,5,0,3,0,615
2835,5,5,0,3,0,615
2836,5,5,0,3,0,615
2837,4,5,0,3,0,616
2838,5,5,0,3,0,616
2839,5,5,0,3,0,616
2840,5,5,0,4,0,616
2841,4,5,0,4,0,616
2842,5,5,0,3,0,616
2843,5,5,0,3,0,616
2844,5,4,0,3,0,617
2845,5,4,0,3,0,617
2846,5,4,0,3,0,617
2847,5,4,0,4,0,617
2848,5,4,0,3,1,617
2849,4,5,0,3,1,617
2850,5,5,0,3,1,617
2851,4,5,0,3,1,617
2852,5,5,0,3,1,617
2853,5,5,0,2,2,617
2854,5,5,0,2,2,617
2855,5,5,0,2,2,617
2856,5,5,0,1,2,618
2857,5,5,0,2,2,618
2858,4,5,0,2,2,618
2859,5,5,0,2,2,618
2860,5,5,0,2,1,619
2861,5,5,0,2,2,619
2862,4,5,0,2,2,619
2863,5,5,0,2,2,619
2864,5,5,0,2,2,619
2865,5,5,0,2,1,620
2866,5,5,0,3,1,620
2867,5,5,0,2,2,620
2868,4,5,0,2,1,621
2869,5,5,0,2,1,621
2870,5,5,0,1,2,621
2871,4,5,1,1,2,621
2872,5,5,0,2,1,622
2873,5,5,0,1,2,622
2874,5,5,0,1,2,622
2875,5,5,0,1,2,622
2876,5,5,0,1,2,622
2877,5,5,0,1,3,622
2878,5,5,0,1,3,622
2879,5,5,0,0,4,622
2880,5,5,0,0,3,623
2881,5,5,0,0,3,623
2882,5,5,0,0,4,623
2883,4,5,0,0,3,624
2884,5,5,0,0,3,624
2885,5,5,0,0,3,624
2886,5,5,0,0,3,624
2887,5,5,0,0,3,624
2888,4,5,0,0,2,625
2889,5,5,0,0,2,625
2890,5,4,1,0,2,625
2891,5,4,0,1,1,626
2892,5,4,0,1,1,626
2893,4,5,0,0,2,626
2894,5,4,0,1,1,627
2895,5,4,0,1,1,627
2896,4,5,0,1,1,627
2897,5,5,0,1,1,627
2898,5,5,0,2,0,628
2899,5,4,0,2,0,628
2900,4,5,0,1,1,628
2901,5,4,1,1,1,628
2902,5,4,1,1,1,628
2903,5,4,0,1,1,629
2904,5,4,0,1,1,629
2905,4,5,0,1,1,629
2906,5,5,0,1,2,629
2907,5,5,0,1,2,629
2908,5,5,0,1,2,629
2909,5,5,0,0,3,629
2910,4,5,0,0,2,630
2911,5,5,0,0,3,630
2912,5,5,0,0,3,630
2913,5,5,0,0,3,630
2914,5,5,0,0,2,631
2915,4,5,0,0,3,631
2916,5,5,0,0,3,631
2917,5,5,0,0,3,631
2918,5,5,0,0,2,632
2919,4,5,0,0,2,632
2920,5,5,0,0,2,632
2921,5,5,0,0,2,633
2922,5,5,0,0,2,633
2923,5,5,0,0,1,634
2924,5,5,0,0,2,634
2925,5,5,0,0,2,634
2926,5,5,0,0,2,634
2927,5,5,0,0,2,634
2928,5,5,0,0,2,634
2929,4,5,0,0,2,634
2930,5,5,0,0,2,634
2931,5,5,0,0,2,634
2932,5,5,0,0,1,635
2933,4,5,1,0,1,635
2934,5,5,1,0,1,635
2935,5,5,1,0,0,636
2936,5,5,0,0,0,636
2937,5,5,0,0,0,636
2938,5,5,0,0,0,636
2939,5,5,0,1,0,637
2940,5,5,0,0,0,637
2941,5,5,0,0,0,637
2942,4,5,0,0,0,637
2943,5,5,0,0,0,637
2944,5,4,0,1,0,637
2945,5,4,0,0,0,638
2946,4,5,0,0,0,638
2947,5,5,0,1,0,639
2948,5,5,0,1,0,639
2949,5,4,0,1,0,639
2950,5,4,0,0,0,639
2951,5,3,1,0,0,639
2952,4,4,0,1,0,639
2953,5,4,0,1,0,639
2954,4,5,0,1,0,640
2955,5,4,1,1,0,640
2956,5,4,1,0,0,640
2957,5,3,1,1,0,640
2958,4,4,1,1,0,640
2959,5,4,1,0,1,640
2960,5,4,1,0,1,640
2961,4,5,1,0,1,640
2962,5,5,0,1,1,640
2963,4,5,1,1,1,640
2964,5,5,1,0,2,640
2965,5,5,1,0,1,641
2966,5,5,0,1,1,641
2967,5,5,0,1,0,642
2968,5,5,0,1,0,642
2969,5,5,0,1,0,642
2970,5,5,0,1,0,643
2971,4,5,1,0,0,643
2972,5,5,1,0,0,643
2973,5,5,0,1,0,643
2974,5,5,0,0,0,644
2975,5,5,0,0,0,644
2976,5,5,0,0,0,644
2977,4,5,1,0,1,644
2978,5,5,0,0,1,644
2979,5,5,0,0,1,644
2980,5,4,1,0,1,644
2981,5,4,1,0,1,645
2982,5,4,1,0,1,645
2983,5,4,1,0,1,645
2984,4,5,1,0,0,646
2985,5,4,2,0,0,646
2986,5,4,1,0,0,647
2987,4,5,1,0,0,647
2988,5,4,2,0,0,647
2989,5,4,1,1,0,647
2990,5,4,1,1,0,647
2991,5,3,1,2,0,647
2992,5,3,1,1,0,647
2993,5,3,1,1,0,647
2994,4,4,0,2,0,647
2995,5,4,0,1,1,647
2996,4,4,1,1,0,648
2997,5,4,0,2,0,648
2998,5,4,0,2,0,649
2999,5,4,0,1,0,649
3000,4,5,0,2,0,649
3001,5,5,0,2,0,650
3002,5,5,0,2,0,650
3003,4,5,0,1,0,650
3004,5,5,0,1,0,650
3005,5,5,0,1,0,650
3006,5,5,0,2,0,650
3007,5,5,0,1,0,651
3008,4,5,0,1,0,651
3009,5,5,0,1,0,651
3010,5,5,0,0,1,651
3011,5,5,0,0,1,651
3012,5,5,0,1,1,651
3013,5,5,0,1,0,652
3014,5,5,0,1,0,652
3015,5,5,0,1,0,652
3016,5,5,0,0,1,652
3017,4,5,0,0,0,653
3018,5,5,0,0,0,653
3019,5,5,0,0,0,653
3020,5,5,0,0,1,653
3021,4,5,0,0,0,654
3022,5,5,0,0,0,654
3023,5,5,0,0,1,654
3024,5,5,0,0,0,655
3025,5,5,0,0,0,655
3026,5,5,0,0,0,655
3027,4,5,0,0,1,655
3028,5,5,0,0,1,655
3029,5,5,0,0,0,656
3030,4,5,1,0,0,656
3031,5,5,0,0,0,656
3032,5,5,0,0,0,657
3033,5,5,0,0,0,657
3034,5,5,0,0,0,657
3035,4,5,1,0,0,657
3036,5,5,1,0,0,657
3037,5,5,1,0,0,657
3038,4,5,1,1,0,657
3039,5,5,1,1,0,657
3040,5,5,1,1,0,657
3041,5,5,0,2,0,657
3042,5,5,0,2,0,657
3043,4,5,1,2,0,657
3044,5,5,1,1,0,657
3045,5,5,0,2,0,657
3046,4,5,1,1,1,657
3047,5,5,1,1,0,658
3048,5,5,1,1,0,658
3049,5,5,0,1,1,658
3050,4,5,1,1,1,658
3051,5,5,0,2,1,658
3052,5,5,0,2,0,659
3053,5,4,1,2,0,659
3054,4,5,1,2,0,659
3055,5,5,1,2,0,659
3056,5,5,1,2,0,659
3057,5,5,1,2,0,659
3058,5,5,0,2,0,660
3059,5,5,0,2,0,660
3060,4,5,1,2,0,661
3061,5,5,1,2,0,661
3062,5,5,0,2,0,661
3063,5,5,0,2,0,661
3064,5,4,1,2,0,661
3065,5,4,1,2,0,661
3066,4,5,1,2,0,661
3067,5,5,1,1,1,661
3068,5,5,0,2,0,662
3069,5,4,1,2,0,662
3070,5,4,1,1,0,663
3071,5,4,1,1,0,663
3072,5,4,1,1,0,664
3073,4,5,0,2,0,664
3074,5,5,0,2,0,664
3075,5,5,0,1,0,664
3076,5,4,0,2,0,664
3077,4,5,0,2,0,665
3078,5,5,0,3,0,665
3079,4,5,0,2,0,665
3080,5,5,0,2,0,665
3081,5,5,0,1,1,665
3082,5,5,0,2,0,666
3083,5,5,0,2,0,666
3084,4,5,0,2,0,666
3085,5,5,0,2,0,666
3086,5,5,0,3,0,667
3087,5,5,0,3,0,667
3088,5,5,0,3,0,667
3089,5,5,0,3,0,667
3090,5,5,0,3,0,667
3091,4,5,0,2,0,667
3092,5,5,0,2,0,667
3093,5,5,0,1,0,668
3094,4,5,0,2,0,668
3095,5,5,0,2,0,668
3096,4,5,1,2,0,669
3097,5,5,1,2,0,669
3098,5,5,1,2,0,669
3099,5,4,2,2,0,669
3100,4,5,2,2,0,669
3101,5,5,2,2,0,669
3102,5,5,2,2,0,669
3103,5,5,1,2,0,669
3104,4,5,2,2,0,669
3105,5,5,1,3,0,669
3106,5,5,1,2,0,670
3107,5,5,1,2,0,670
3108,5,4,2,2,0,670
3109,4,5,2,2,0,671
3110,5,4,3,2,0,671
3111,5,4,3,1,0,671
3112,4,5,3,1,0,671
3113,5,5,3,1,0,671
3114,5,4,4,1,0,671
3115,4,5,4,1,0,671
3116,5,5,3,1,1,671
3117,5,4,4,1,1,671
3118,4,5,4,0,1,672
3119,5,5,3,1,1,672
3120,4,5,4,1,1,672
3121,5,5,4,0,2,672
3122,5,5,4,0,1,673
3123,5,5,4,0,1,673
3124,5,5,3,1,1,673
3125,4,5,4,0,2,673
3126,5,5,3,1,1,674
3127,5,4,4,1,1,674
3128,5,4,4,0,2,674
3129,4,5,4,0,1,675
3130,5,5,3,1,1,675
3131,5,5,3,0,2,675
3132,4,5,4,0,1,676
3133,5,5,3,1,1,676
3134,5,5,3,1,0,677
3135,5,4,3,2,0,677
3136,5,4,3,2,0,677
3137,5,3,4,2,0,678
3138,4,4,3,3,0,678
3139,5,3,4,3,0,678
3140,4,4,3,4,0,678
3141,5,4,3,3,0,678
3142,5,4,3,3,0,678
3143,5,3,4,3,0,678
3144,5,3,3,4,0,678
3145,5,3,3,4,0,678
3146,5,3,3,4,0,678
3147,5,3,3,3,1,678
3148,5,3,3,3,1,678
3149,5,3,3,3,1,678
3150,4,4,2,4,1,678
3151,5,4,2,4,1,678
3152,5,4,2,4,1,678
3153,5,3,3,4,1,678
3154,5,3,3,4,0,679
3155,4,4,3,4,0,679
3156,5,4,3,4,0,679
3157,5,3,4,3,1,679
3158,4,4,3,4,1,679
3159,5,3,4,4,0,680
3160,5,3,4,4,0,680
3161,5,3,3,4,1,680
3162,5,3,3,4,1,680
3163,5,3,3,4,1,680
3164,4,4,2,5,1,680
3165,5,4,2,5,1,680
3166,5,4,1,5,2,680
3167,4,5,1,5,2,680
3168,5,4,2,5,2,680
3169,5,4,2,4,3,680
3170,5,4,2,4,3,680
3171,5,3,3,4,3,680
3172,5,3,3,4,2,681
3173,5,3,3,3,3,681
3174,4,4,2,4,3,681
3175,5,3,3,4,3,681
3176,5,3,3,3,4,681
3177,5,2,4,3,4,681
3178,5,2,4,3,3,682
3179,5,2,4,2,4,682
3180,4,3,4,2,3,683
3181,5,3,3,3,3,683
3182,4,3,4,3,3,683
3183,5,3,3,3,3,684
3184,5,3,3,3,3,684
3185,4,4,3,3,3,684
3186,5,3,4,3,2,685
3187,5,3,4,2,3,685
3188,4,4,4,2,3,685
3189,5,4,3,2,4,685
3190,5,4,3,2,4,685
3191,5,3,3,3,4,685
3192,5,3,3,2,5,685
3193,5,2,4,2,5,685
3194,5,2,3,3,5,685
3195,5,2,3,3,5,685
3196,4,2,4,3,5,685
3197,5,2,4,3,5,685
3198,5,2,4,2,5,686
3199,4,2,4,3,5,686
3200,5,2,4,3,4,687
3201,4,3,4,2,5,687
3202,5,3,4,2,5,687
3203,5,2,5,2,5,687
3204,5,2,5,2,5,687
3205,4,3,5,1,5,688
3206,5,3,5,1,5,688
3207,5,2,5,2,5,688
3208,5,2,5,2,5,688
3209,4,3,5,2,5,688
3210,5,3,4,3,5,688
3211,5,2,5,2,5,689
3212,5,2,5,2,5,689
3213,5,2,5,2,4,690
3214,5,2,5,2,4,690
3215,5,2,5,1,5,690
3216,4,2,5,2,5,690
3217,5,2,5,2,5,690
3218,5,2,5,2,4,691
3219,5,2,5,1,5,691
3220,4,3,5,1,5,691
3221,5,3,4,2,5,691
3222,5,3,4,1,5,692
3223,5,3,4,1,5,692
3224,4,4,3,2,5,692
3225,5,3,4,2,5,692
3226,5,3,3,3,4,693
3227,5,3,3,3,4,693
3228,4,4,3,3,4,693
3229,5,3,4,3,3,694
3230,5,3,4,2,4,694
3231,4,4,4,2,4,694
3232,5,3,4,2,5,694
3233,5,3,4,2,5,694
3234,4,4,3,3,4,695
3235,5,3,4,3,4,695
3236,5,3,4,3,3,696
3237,4,4,3,4,3,696
3238,5,4,3,4,3,696
3239,4,5,3,4,2,697
3240,5,4,3,4,3,697
3241,5,4,3,4,3,697
3242,5,4,3,4,3,697
3243,4,5,3,4,3,697
3244,5,5,3,4,3,697
3245,5,5,2,5,3,697
3246,5,4,3,4,4,697
3247,5,4,3,4,3,698
3248,5,4,2,4,4,698
3249,5,4,2,4,4,698
3250,4,5,1,5,4,698
3251,5,5,1,4,4,699
3252,5,5,0,5,4,699
3253,4,5,1,5,4,699
3254,5,5,1,5,4,699
3255,5,5,0,5,5,699
3256,5,5,0,5,5,699
3257,5,5,0,5,5,699
3258,5,4,1,5,5,699
3259,4,5,1,5,5,699
3260,5,5,1,5,5,699
3261,5,5,1,5,5,699
3262,5,5,1,5,5,699
3263,5,5,1,5,5,699
3264,5,5,1,5,5,699
3265,5,5,1,5,5,699
3266,5,5,0,5,5,700
3267,5,5,0,5,5,700
3268,5,5,0,5,5,700
3269,5,5,0,5,5,701
3270,4,5,0,5,5,701
3271,5,5,0,5,5,701
3272,5,5,0,5,5,701
3273,5,4,1,4,5,702
3274,5,4,1,4,5,702
3275,5,4,1,4,5,702
3276,5,3,1,5,5,702
3277,5,3,1,5,4,703
3278,5,3,1,5,4,703
3279,5,3,1,5,4,703
3280,5,2,2,5,4,703
3281,4,3,1,5,4,704
3282,5,3,1,5,4,704
3283,5,2,2,5,3,705
3284,5,2,2,5,3,705
3285,4,2,3,5,2,706
3286,5,2,2,5,3,706
3287,4,3,2,5,3,706
3288,5,3,2,5,2,707
3289,5,3,1,5,3,707
3290,4,4,1,5,3,707
3291,5,4,1,5,2,708
3292,5,4,1,4,3,708
3293,5,4,1,4,3,708
3294,4,5,1,4,2,709
3295,5,5,1,4,2,709
3296,5,4,2,4,2,709
3297,4,5,1,4,3,709
3298,5,5,1,4,3,709
3299,5,4,1,5,2,710
3300,5,4,1,4,3,710
3301,4,5,1,4,3,710
3302,5,5,1,4,2,711
3303,5,4,1,4,3,711
3304,5,4,1,4,2,712
3305,5,4,0,5,2,712
3306,4,5,0,5,2,712
3307,5,4,1,5,2,712
3308,5,4,1,5,2,712
3309,4,5,1,4,2,713
3310,5,4,1,5,2,713
3311,5,4,1,4,3,713
3312,4,5,1,4,3,713
3313,5,5,1,4,3,713
3314,5,5,0,4,3,714
3315,5,5,0,4,3,714
3316,5,5,0,4,3,714
3317,5,5,0,5,3,714
3318,5,5,0,5,3,714
3319,4,5,0,5,3,714
3320,5,5,0,5,3,714
3321,5,5,0,5,3,714
3322,5,5,0,5,2,715
3323,4,5,0,5,3,715
3324,5,5,0,5,3,715
3325,5,5,0,5,2,716
3326,5,5,0,5,3,716
3327,5,5,0,5,3,716
3328,5,5,0,5,2,717
3329,4,5,0,5,2,717
3330,5,5,0,5,1,718
3331,5,5,0,5,1,718
3332,5,5,0,5,0,719
3333,4,5,1,5,0,719
3334,5,5,1,4,1,719
3335,5,5,1,4,1,719
3336,5,5,1,4,1,719
3337,5,5,1,4,0,720
3338,5,5,1,4,0,720
3339,5,5,0,4,1,720
3340,4,5,1,4,1,720
3341,5,5,1,4,0,721
3342,5,5,0,5,0,721
3343,4,5,1,5,0,721
3344,5,5,1,4,1,721
3345,5,5,0,5,0,722
3346,5,5,0,4,1,722
3347,5,5,0,4,0,723
3348,5,5,0,4,0,723
3349,5,5,0,4,0,724
3350,4,5,0,4,0,724
3351,5,5,0,4,0,724
3352,5,5,0,3,0,725
3353,5,5,0,4,0,725
3354,5,4,0,4,0,725
3355,4,5,0,4,0,725
3356,5,5,0,4,0,725
3357,5,5,0,4,0,725
3358,5,5,0,4,0,726
3359,4,5,1,4,0,726
3360,5,5,0,4,0,726
3361,5,5,0,4,0,726
3362,5,5,0,4,0,726
3363,4,5,1,4,0,727
3364,5,5,0,4,0,727
3365,5,5,0,4,0,727
3366,4,5,0,5,0,727
3367,5,5,0,5,0,727
3368,5,5,0,4,1,727
3369,5,5,0,4,1,727
3370,4,5,1,4,1,727
3371,5,5,1,4,0,728
3372,5,5,0,5,0,728
3373,5,5,0,5,0,728
3374,5,4,1,5,0,728
3375,5,4,0,5,0,729
3376,5,4,0,5,0,729
3377,5,3,1,5,0,729
3378,5,3,1,5,0,730
3379,4,4,1,5,0,730
3380,5,4,1,5,0,730
3381,5,4,1,4,0,730
3382,4,4,1,5,0,730
3383,5,4,1,5,0,730
3384,5,4,1,4,1,730
3385,5,3,2,4,1,730
3386,4,4,1,5,1,730
3387,5,4,1,5,0,731
3388,5,4,1,4,1,731
3389,5,4,1,4,1,731
3390,5,3,1,5,1,731
3391,4,4,1,5,0,732
3392,5,4,1,5,0,732
3393,4,4,2,5,0,732
3394,5,4,2,5,0,732
3395,5,3,2,5,1,732
3396,5,3,2,5,0,733
3397,5,3,2,4,1,733
3398,5,3,1,5,1,733
3399,5,2,2,5,0,734
3400,5,2,2,5,0,734
3401,5,1,3,4,1,734
3402,4,2,3,4,1,734
3403,5,2,3,4,1,734
3404,4,2,3,5,1,734
3405,5,2,3,5,1,734
3406,5,2,3,5,0,735
3407,5,2,2,5,1,735
3408,5,1,3,5,0,736
3409,5,1,3,5,0,736
3410,4,1,4,4,0,737
3411,5,1,3,5,0,737
3412,4,2,3,5,0,737
3413,5,2,3,5,0,738
3414,5,2,3,5,0,738
3415,5,2,3,5,0,738
3416,4,3,2,5,0,738
3417,5,3,2,5,0,738
3418,5,3,2,5,0,739
3419,4,4,2,5,0,739
3420,5,4,1,5,0,739
3421,5,4,1,5,0,739
3422,5,4,1,5,0,739
3423,5,4,1,4,1,739
3424,5,4,0,5,1,739
3425,5,3,1,5,1,739
3426,5,3,1,4,2,739
3427,4,3,2,4,2,739
3428,5,3,1,5,1,740
3429,5,3,1,5,1,740
3430,5,3,1,4,2,740
3431,4,4,1,4,1,741
3432,5,4,0,5,1,741
3433,5,3,1,4,2,741
3434,5,3,1,4,2,741
3435,5,3,1,4,2,741
3436,5,2,2,3,3,741
3437,4,3,2,3,2,742
3438,5,3,2,3,2,742
3439,5,3,2,3,2,742
3440,5,2,2,3,2,743
3441,5,2,2,3,2,743
3442,4,3,2,3,2,743
3443,5,3,2,2,2,744
3444,5,3,1,3,2,744
3445,5,3,1,3,2,744
3446,5,2,2,2,2,745
3447,5,2,1,3,2,745
3448,5,2,1,3,1,746
3449,5,2,1,3,1,746
3450,4,3,0,3,2,746
3451,5,3,0,3,2,746
3452,5,2,1,2,2,747
3453,4,3,0,3,2,747
3454,5,3,0,3,2,747
3455,4,3,1,2,3,747
3456,5,3,1,2,3,747
3457,5,3,0,3,3,747
3458,5,3,0,3,2,748
3459,4,4,0,3,2,748
3460,5,4,0,2,3,748
3461,5,4,0,2,3,748
3462,5,4,0,2,3,748
3463,5,4,0,3,3,748
3464,5,3,0,3,3,748
3465,5,3,0,3,2,749
3466,5,2,1,3,2,749
3467,5,2,0,4,2,749
3468,5,2,0,4,2,749
3469,5,2,0,4,3,749
3470,4,2,0,4,2,750
3471,5,2,0,4,2,750
3472,5,2,0,3,3,750
3473,5,1,1,3,2,751
3474,4,2,0,4,2,751
3475,5,2,0,3,3,751
3476,4,3,0,3,2,752
3477,5,3,0,3,2,752
3478,5,3,0,3,2,752
3479,4,3,1,3,2,752
3480,5,3,1,3,2,752
3481,4,4,1,2,2,753
3482,5,3,1,3,2,753
3483,5,3,1,3,2,753
3484,4,4,1,2,2,754
3485,5,4,0,3,2,754
3486,5,3,1,3,1,755
3487,5,3,1,3,1,755
3488,5,3,0,4,1,755
3489,4,3,1,4,1,755
3490,5,3,1,4,1,755
3491,5,3,1,4,1,755
3492,5,2,2,4,1,755
3493,4,3,2,3,2,755
3494,5,3,2,3,1,756
3495,5,3,2,3,1,756
3496,5,2,3,2,2,756
3497,5,2,3,2,1,757
3498,5,2,3,2,1,757
3499,5,1,3,3,0,758
3500,5,1,3,3,0,758
3501,5,1,3,3,0,758
3502,5,1,2,4,0,758
3503,4,2,2,3,0,759
3504,5,1,3,3,0,759
3505,5,1,3,3,0,759
3506,5,1,3,3,0,760
3507,5,1,2,4,0,760
3508,4,2,2,4,0,760
3509,5,1,3,4,0,760
3510,5,1,2,5,0,760
3511,5,1,2,4,0,760
3512,5,1,2,4,0,760
3513,4,2,1,5,0,760
3514,5,2,1,5,0,761
3515,5,2,1,5,0,761
3516,5,1,2,5,0,761
3517,4,2,2,5,0,761
3518,5,2,1,5,0,761
3519,5,2,1,5,0,761
3520,5,2,1,5,0,761
3521,4,2,2,5,0,761
3522,5,2,2,5,0,762
3523,4,3,2,5,0,762
3524,5,2,2,5,0,762
3525,5,2,2,5,0,762
3526,4,3,2,5,0,762
3527,5,3,2,5,0,762
3528,5,3,2,5,0,762
3529,5,3,2,4,1,762
3530,4,3,2,5,1,762
3531,5,3,2,5,0,763
3532,5,3,2,5,0,763
3533,5,3,1,5,0,764
3534,5,2,2,5,0,764
3535,4,3,2,4,1,764
3536,5,3,2,4,1,764
3537,5,3,2,4,0,765
3538,4,4,1,5,0,765
3539,5,4,1,5,0,766
3540,4,5,1,4,0,766
3541,5,5,0,5,0,766
3542,5,5,0,5,0,767
3543,5,4,1,5,0,767
3544,4,5,0,5,0,767
3545,5,4,1,5,0,767
3546,5,4,1,5,0,767
3547,5,4,1,5,0,768
3548,4,4,1,5,0,768
3549,5,4,1,5,0,768
3550,5,4,1,5,0,769
3551,5,4,1,5,0,769
3552,4,5,1,5,0,769
3553,5,5,1,5,0,769
3554,5,5,1,5,0,769
3555,5,4,2,5,0,769
3556,4,5,1,5,0,769
3557,5,5,1,5,0,769
3558,5,5,1,5,0,769
3559,5,5,1,5,0,770
3560,5,5,1,5,0,770
3561,5,5,1,5,0,770
3562,5,5,0,5,0,770
3563,4,5,1,5,0,770
3564,5,5,1,5,0,770
3565,5,5,0,5,0,771
3566,5,5,0,5,0,771
3567,5,5,0,5,0,771
3568,5,5,0,5,1,771
3569,5,5,0,5,1,771
3570,5,5,0,5,1,771
3571,4,5,0,5,0,772
3572,5,5,0,4,1,772
3573,5,5,0,5,1,772
3574,5,4,0,5,0,773
3575,4,5,0,5,0,773
3576,5,5,0,5,0,774
3577,5,5,0,5,0,774
3578,5,5,0,4,0,774
3579,5,5,0,4,0,774
3580,5,5,0,4,0,774
3581,4,5,1,3,0,775
3582,5,5,1,3,0,775
3583,5,5,0,4,0,775
3584,5,5,0,4,0,775
3585,4,5,1,4,0,775
3586,5,5,0,5,0,775
3587,5,5,0,4,0,776
3588,5,5,0,4,0,776
3589,5,5,0,4,0,777
3590,5,5,0,4,0,777
3591,5,5,0,3,1,777
3592,5,5,0,3,1,777
3593,4,5,0,3,0,778
3594,5,5,0,3,0,778
3595,5,4,1,2,1,778
3596,4,5,0,3,1,778
3597,5,5,0,3,0,779
3598,5,5,0,4,0,779
3599,5,5,0,3,1,779
3600,4,5,0,3,1,779
3601,5,5,0,2,2,779
3602,5,5,0,2,2,779
3603,4,5,0,3,1,780
3604,5,5,0,3,1,780
3605,5,5,0,3,1,780
3606,5,5,0,3,0,781
3607,5,5,0,4,0,781
3608,5,5,0,4,0,781
3609,5,5,0,4,0,781
3610,5,5,0,4,0,781
3611,5,5,0,4,0,782
3612,5,5,0,4,0,782
3613,5,5,0,4,0,782
3614,5,5,0,4,0,782
3615,5,5,0,4,0,782
3616,4,5,0,3,0,782
3617,5,5,0,3,0,782
3618,5,4,1,2,1,782
3619,5,4,0,3,1,782
3620,4,5,0,3,0,783
3621,5,5,0,3,0,783
3622,4,5,0,3,0,784
3623,5,5,0,3,0,784
3624,4,5,0,4,0,784
3625,5,5,0,4,0,784
3626,5,5,0,3,1,784
3627,5,5,0,4,0,785
3628,5,5,0,4,0,785
3629,5,5,0,4,0,785
3630,4,5,0,4,0,786
3631,5,5,0,4,0,786
3632,5,5,0,3,0,786
3633,5,5,0,3,0,786
3634,5,5,0,3,0,786
3635,5,5,0,2,1,786
3636,4,5,0,3,0,787
3637,5,5,0,2,1,787
3638,5,5,0,2,1,787
3639,5,5,0,2,0,788
3640,5,5,0,3,0,788
3641,5,5,0,3,0,788
3642,5,5,0,2,1,788
3643,4,5,0,2,1,788
3644,5,5,0,2,1,788
3645,5,5,0,1,2,788
3646,5,5,0,2,1,789
3647,5,5,0,2,1,789
3648,4,5,0,2,1,789
3649,5,5,0,2,0,790
3650,5,5,0,1,1,790
3651,5,5,0,1,1,790
3652,4,5,1,1,1,790
3653,5,5,0,1,2,790
3654,5,5,0,1,1,791
3655,5,5,0,1,1,791
3656,5,4,1,0,2,791
3657,4,5,1,0,2,791
3658,5,5,0,1,2,791
3659,5,5,0,0,3,791
3660,5,5,0,1,3,791
3661,4,5,0,1,3,791
3662,5,5,0,1,2,792
3663,5,5,0,1,2,792
3664,5,5,0,0,3,792
3665,4,5,1,0,3,792
3666,5,5,0,1,3,792
3667,5,5,0,1,3,792
3668,5,5,0,1,4,792
3669,4,5,0,1,4,792
3670,5,5,0,1,4,792
3671,5,5,0,1,4,792
3672,5,5,0,1,3,793
3673,4,5,0,2,3,793
3674,5,5,0,2,3,793
3675,5,5,0,1,4,793
3676,5,5,0,2,4,793
3677,5,5,0,2,4,793
3678,5,5,0,2,3,794
3679,4,5,0,2,3,794
3680,5,5,0,2,2,795
3681,4,5,0,2,3,795
3682,5,5,0,2,3,795
3683,5,5,0,2,2,796
3684,5,5,0,2,2,796
3685,5,5,0,2,2,797
3686,5,5,0,2,2,797
3687,5,5,0,2,2,797
3688,5,5,0,1,3,797
3689,4,5,0,1,3,797
3690,5,5,0,1,3,797
3691,5,5,0,0,3,798
3692,5,4,1,0,3,798
3693,5,4,1,0,3,798
3694,5,3,2,0,2,799
3695,4,4,1,1,2,799
3696,5,4,1,1,2,799
3697,5,4,1,0,2,800
3698,5,3,2,0,2,800
3699,5,3,2,0,2,800
3700,5,3,1,0,3,800
3701,5,3,1,0,3,800
3702,5,3,1,0,3,800
3703,4,3,1,1,3,800
3704,5,3,1,1,3,800
3705,5,3,1,0,4,800
3706,4,3,2,0,4,800
3707,5,3,2,0,3,801
3708,5,3,2,0,3,801
3709,5,2,2,1,2,802
3710,5,2,2,0,3,802
3711,5,2,2,0,3,802
3712,5,2,1,1,3,802
3713,5,2,1,0,4,802
3714,5,2,1,0,4,802
3715,5,2,0,1,3,803
3716,4,2,1,1,3,803
3717,5,2,0,2,3,803
3718,5,2,0,1,3,804
3719,4,3,0,1,3,804
3720,5,2,0,2,3,804
3721,4,3,0,2,2,805
3722,5,3,0,2,2,805
3723,5,3,0,2,2,805
3724,5,2,1,2,2,805
3725,5,2,0,3,2,805
3726,4,3,0,3,1,806
3727,5,3,0,3,1,806
3728,5,2,1,2,2,806
3729,4,3,0,3,2,806
3730,5,2,1,3,2,806
3731,5,2,1,3,2,806
3732,5,1,2,2,2,807
3733,4,2,2,2,2,807
3734,5,2,1,3,1,808
3735,5,2,1,3,1,808
3736,5,2,0,3,2,808
3737,4,2,1,3,2,808
3738,5,2,1,3,1,809
3739,5,2,1,3,1,809
3740,5,2,0,4,1,809
3741,5,2,0,3,1,810
3742,4,2,1,3,1,810
3743,5,2,1,3,1,810
3744,4,3,1,3,1,810
3745,5,2,2,3,0,811
3746,4,3,2,2,1,811
3747,5,2,3,2,0,812
3748,4,3,3,2,0,812
3749,5,3,3,1,1,812
3750,5,2,3,2,1,812
3751,4,3,3,2,1,812
3752,5,3,2,2,2,812
3753,5,2,3,2,1,813
3754,5,2,2,3,1,813
3755,4,3,2,3,1,813
3756,5,3,2,2,2,813
3757,5,3,2,2,2,813
3758,5,3,2,1,2,814
3759,5,3,1,2,2,814
3760,5,2,2,2,2,814
3761,4,3,2,1,3,814
3762,5,3,2,1,3,814
3763,4,3,3,1,2,815
3764,5,3,3,1,2,815
3765,5,3,3,0,2,816
3766,5,3,3,0,2,816
3767,4,4,3,0,2,816
3768,5,4,3,0,3,816
3769,5,4,3,0,2,817
3770,5,3,4,0,2,817
3771,5,3,4,0,2,817
3772,4,4,3,0,1,818
3773,5,3,4,0,1,818
3774,5,3,3,1,1,818
3775,5,3,3,1,0,819
3776,5,3,3,0,1,819
3777,5,3,3,0,1,819
3778,5,3,3,0,1,819
3779,5,3,2,0,1,820
3780,5,3,2,0,1,820
3781,5,3,1,1,1,820
3782,4,3,2,1,1,820
3783,5,3,2,0,2,820
3784,5,3,2,0,2,820
3785,4,4,2,0,1,821
3786,5,4,2,0,1,821
3787,5,3,2,0,1,822
3788,4,4,2,0,1,822
3789,5,4,1,1,1,822
3790,4,5,1,1,0,823
3791,5,4,2,1,0,823
3792,5,4,2,1,0,823
3793,5,4,2,1,0,824
3794,5,4,2,1,0,824
3795,4,5,1,2,0,824
3796,5,5,1,1,0,824
3797,5,5,1,1,0,824
3798,5,5,1,1,0,825
3799,4,5,2,0,0,825
3800,5,5,1,1,0,825
3801,4,5,2,1,0,825
3802,5,5,2,0,1,825
3803,5,5,1,1,0,826
3804,4,5,2,1,0,826
3805,5,5,2,0,1,826
3806,5,5,2,0,0,827
3807,4,5,3,0,0,827
3808,5,5,2,1,0,827
3809,5,5,2,1,0,828
3810,4,5,3,1,0,828
3811,5,5,2,1,0,828
3812,5,5,2,1,0,828
3813,4,5,3,1,0,828
3814,5,5,2,2,0,828
3815,5,5,2,2,0,828
3816,5,5,2,2,0,829
3817,5,5,1,2,0,829
3818,4,5,2,2,0,829
3819,5,5,2,2,0,829
3820,5,5,2,1,0,830
3821,5,5,2,1,0,830
3822,5,5,2,1,0,831
3823,4,5,3,0,0,831
3824,5,5,2,1,0,831
3825,5,4,3,0,1,831
3826,4,5,2,1,0,832
3827,5,5,2,1,0,832
3828,5,5,1,2,0,833
3829,5,5,1,2,0,833
3830,5,5,0,2,0,833
3831,4,5,1,2,0,833
3832,5,5,0,3,0,833
3833,5,5,0,3,0,833
3834,4,5,1,3,0,834
3835,5,5,0,3,0,834
3836,5,5,0,3,0,834
3837,5,4,0,4,0,834
3838,4,5,0,4,0,835
3839,5,5,0,3,0,835
3840,5,4,0,4,0,835
3841,5,4,0,4,0,835
3842,5,4,0,3,1,835
3843,4,5,0,3,1,835
3844,5,5,0,3,1,835
3845,5,5,0,3,0,836
3846,4,5,0,3,1,836
3847,5,5,0,3,0,837
3848,5,5,0,3,0,837
3849,5,4,0,3,1,837
3850,5,4,0,3,1,837
3851,5,4,0,4,0,838
3852,5,3,0,3,1,838
3853,4,4,0,3,1,838
3854,5,4,0,3,1,838
3855,5,4,0,3,1,838
3856,4,4,1,3,1,838
3857,5,4,0,3,1,839
3858,5,4,0,3,1,839
3859,5,4,0,2,2,839
3860,5,3,1,2,2,839
3861,5,3,0,3,2,839
3862,4,3,1,3,2,839
3863,5,3,0,4,2,839
3864,5,3,0,3,2,840
3865,5,3,0,3,2,840
3866,5,2,0,4,2,840
3867,5,2,0,4,1,841
3868,5,2,0,3,2,841
3869,4,3,0,3,2,841
3870,5,2,1,3,2,841
3871,5,2,0,4,1,842
3872,5,2,0,3,2,842
3873,5,1,1,3,2,842
3874,5,1,0,4,1,843
3875,4,2,0,3,2,843
3876,5,1,0,4,1,844
3877,5,1,0,4,1,844
3878,5,1,0,4,1,844
3879,4,1,1,3,2,844
3880,5,1,1,3,1,845
3881,5,1,0,4,1,845
3882,4,1,1,4,1,845
3883,5,1,1,4,1,845
3884,5,1,1,4,1,845
3885,5,1,0,5,1,845
3886,5,1,0,4,2,845
3887,5,0,1,4,2,845
3888,5,0,1,4,2,845
3889,4,1,1,3,3,845
3890,5,1,1,3,3,845
3891,5,1,1,3,2,846
3892,5,1,1,3,2,846
3893,5,0,1,4,2,846
3894,5,0,1,4,2,846
3895,5,0,2,4,2,846
3896,5,0,1,5,1,847
3897,5,0,1,4,2,847
3898,5,0,0,5,2,847
3899,4,0,0,4,3,847
3900,5,0,0,4,2,848
3901,5,0,0,4,2,848
3902,5,0,0,5,1,849
3903,4,0,0,5,1,849
3904,5,0,0,5,1,849
3905,5,0,0,5,1,849
3906,5,0,1,5,1,849
3907,4,0,1,5,1,849
3908,5,0,1,5,1,849
3909,5,0,1,5,1,849
3910,5,0,1,5,0,850
3911,4,1,1,5,0,850
3912,5,0,2,5,0,850
3913,5,0,2,5,0,850
3914,4,1,2,5,0,850
3915,5,1,1,5,1,850
3916,5,0,2,5,0,851
3917,5,0,2,5,0,851
3918,4,0,3,4,1,851
3919,5,0,2,5,1,851
3920,5,0,2,5,0,852
3921,4,0,3,4,1,852
3922,5,0,2,5,0,853
3923,4,1,2,5,0,853
3924,5,1,2,5,0,854
3925,4,2,2,5,0,854
3926,5,2,1,5,0,854
3927,4,2,2,5,0,854
3928,5,2,2,5,0,854
3929,5,2,2,5,0,854
3930,5,2,2,5,0,855
3931,5,2,2,4,0,855
3932,5,2,2,4,0,855
3933,4,3,1,4,1,855
3934,5,2,2,4,0,856
3935,5,2,2,4,0,856
3936,4,3,1,5,0,857
3937,5,3,1,4,0,857
3938,5,2,2,4,0,857
3939,5,2,1,5,0,858
3940,5,2,1,5,0,858
3941,4,2,2,5,0,858
3942,5,2,1,5,0,858
3943,5,2,1,5,0,858
3944,4,3,1,5,0,859
3945,5,3,1,5,0,859
3946,5,2,2,5,0,859
3947,5,2,2,5,0,859
3948,4,3,2,5,0,859
3949,5,2,3,5,0,859
3950,5,2,3,5,0,859
3951,5,2,3,5,0,859
3952,5,1,3,5,0,859
3953,4,2,3,5,0,859
3954,5,2,3,5,0,859
3955,4,3,3,4,1,859
3956,5,2,4,4,0,860
3957,5,2,3,4,1,860
3958,4,3,3,4,1,860
3959,5,2,4,4,0,861
3960,5,2,3,4,1,861
3961,5,1,4,4,1,861
3962,5,1,4,4,1,861
3963,4,2,4,3,2,861
3964,5,1,4,4,1,862
3965,5,1,4,4,1,862
3966,5,1,3,5,0,863
3967,4,2,3,5,0,863
3968,5,1,4,5,0,863
3969,5,1,4,5,0,864
3970,5,1,4,5,0,864
3971,5,1,4,5,0,864
3972,4,2,3,5,0,864
3973,5,1,4,5,0,864
3974,4,2,4,5,0,864
3975,5,2,4,5,0,864
3976,5,2,4,5,0,865
3977,5,1,4,5,0,865
3978,4,2,4,5,0,865
3979,5,2,4,5,0,865
3980,5,1,4,5,0,866
3981,5,1,4,5,0,866
3982,4,2,4,5,0,866
3983,5,2,4,5,0,867
3984,5,2,4,5,0,867
3985,4,3,4,5,0,867
3986,5,3,3,5,0,867
3987,4,3,4,5,0,867
3988,5,3,4,5,0,867
3989,4,4,3,5,1,867
3990,5,4,3,5,0,868
3991,5,4,3,5,0,868
3992,5,4,3,5,0,868
3993,4,4,4,5,0,868
3994,5,4,3,5,1,868
3995,5,4,3,5,0,869
3996,5,3,4,5,0,869
3997,5,3,4,5,0,869
3998,5,3,3,5,0,870
3999,5,2,4,5,0,870
4000,5,2,4,5,0,871
4001,5,2,4,4,0,871
4002,5,2,4,4,0,871
4003,4,2,5,4,0,871
4004,5,2,4,5,0,871
4005,5,2,4,4,0,872
4006,5,1,5,4,0,872
4007,5,1,4,4,0,873
4008,4,2,4,4,0,873
4009,5,2,4,4,0,873
4010,5,2,3,4,1,873
4011,5,1,4,4,0,874
4012,4,2,4,4,0,874
4013,5,2,4,4,0,874
4014,5,1,5,4,0,875
4015,5,1,4,4,0,875
4016,5,1,4,4,0,875
4017,5,1,4,4,0,875
4018,5,0,5,4,0,875
4019,4,1,4,5,0,875
4020,5,1,4,5,0,875
4021,5,1,4,5,0,875
4022,5,0,4,5,0,876
4023,5,0,4,5,0,876
4024,4,1,4,4,0,877
4025,5,1,3,5,0,877
4026,4,1,4,4,0,878
4027,5,1,4,4,0,878
4028,5,0,5,4,0,878
4029,5,0,5,4,0,878
4030,4,1,4,5,0,878
4031,5,1,4,5,0,878
4032,5,0,5,5,0,879
4033,4,1,5,5,0,879
4034,5,1,5,5,0,879
4035,5,1,4,5,0,879
4036,5,0,5,5,0,879
4037,5,0,5,5,0,879
4038,4,1,5,5,0,879
4039,5,1,5,5,0,879
4040,5,1,5,5,0,880
4041,4,1,5,5,0,880
4042,5,1,5,5,0,880
4043,5,1,5,5,0,880
4044,4,2,5,5,0,880
4045,5,2,5,5,0,881
4046,4,3,5,5,0,881
4047,5,3,5,5,0,881
4048,5,3,5,5,0,881
4049,4,4,5,5,0,881
4050,5,4,5,5,0,881
4051,5,4,5,5,0,881
4052,5,4,5,5,0,881
4053,5,3,5,5,0,881
4054,5,3,5,5,0,881
4055,4,4,5,5,0,882
4056,5,4,5,5,0,882
4057,5,4,5,5,0,882
4058,5,4,5,5,0,882
4059,4,5,5,5,0,882
4060,5,4,5,5,0,882
4061,5,4,5,5,0,882
4062,4,5,5,4,0,883
4063,5,5,5,4,0,883
4064,4,5,5,5,0,884
4065,5,5,5,4,0,884
4066,5,5,5,4,0,884
4067,5,5,4,5,0,885
4068,5,5,4,4,0,885
4069,4,5,5,4,0,885
4070,5,5,4,5,0,885
4071,5,5,4,4,1,885
4072,5,4,4,5,0,886
4073,5,4,4,5,0,886
4074,5,4,4,5,0,887
4075,4,5,4,5,0,887
4076,5,5,3,5,0,887
4077,5,5,3,5,0,887
4078,5,5,3,5,0,887
4079,5,5,3,5,0,887
4080,5,4,3,5,1,887
4081,4,5,3,5,0,888
4082,5,5,3,4,1,888
4083,5,5,3,4,0,889
4084,5,5,3,4,0,889
4085,5,5,2,4,1,889
4086,5,4,3,4,1,889
4087,5,4,3,4,0,890
4088,4,5,3,3,1,890
4089,5,4,4,3,1,890
4090,5,4,3,4,1,890
4091,5,4,3,4,1,890
4092,4,5,3,4,1,890
4093,5,4,4,4,1,890
4094,5,4,4,3,1,891
4095,5,4,3,4,1,891
4096,4,5,3,4,0,892
4097,5,5,2,5,0,892
4098,5,5,2,5,0,892
4099,5,4,3,5,0,893
4100,4,5,3,5,0,893
4101,5,5,3,5,0,893
4102,5,4,3,5,0,893
4103,4,5,3,5,0,893
4104,5,5,3,5,0,893
4105,5,4,4,4,1,893
4106,4,5,4,4,0,894
4107,5,5,4,4,0,894
4108,5,5,4,4,0,894
4109,5,5,4,4,0,895
4110,5,5,4,4,0,895
4111,5,5,4,3,0,895
4112,5,5,4,3,0,895
4113,5,5,4,3,0,895
4114,5,5,4,2,0,896
4115,5,5,3,3,0,896
4116,5,5,3,3,0,896
4117,5,5,3,3,0,897
4118,5,5,2,4,0,897
4119,4,5,3,3,0,897
4120,5,5,2,4,0,897
4121,5,5,2,4,0,897
4122,5,5,2,3,0,898
4123,4,5,3,3,0,898
4124,5,5,2,4,0,898
4125,5,5,2,4,0,898
4126,5,5,1,5,0,899
4127,5,5,1,5,0,899
4128,5,5,1,5,0,899
4129,5,5,1,5,0,899
4130,4,5,1,5,0,899
4131,5,5,1,5,0,899
4132,5,5,1,5,0,899
4133,4,5,1,5,1,899
4134,5,5,1,5,0,900
4135,5,5,1,5,0,900
4136,5,5,1,5,0,900
4137,5,5,1,5,0,900
4138,4,5,2,5,0,900
4139,5,5,2,5,0,900
4140,5,4,2,5,0,901
4141,5,4,2,5,0,901
4142,4,5,2,5,0,901
4143,5,5,2,5,0,902
4144,5,4,3,5,0,902
4145,4,5,3,5,0,902
4146,5,5,3,5,0,902
4147,5,5,3,5,0,902
4148,5,5,3,5,0,902
4149,4,5,3,5,0,902
4150,5,5,3,5,0,902
4151,5,5,3,5,0,903
4152,5,5,3,5,0,903
4153,5,5,3,5,0,903
4154,5,5,3,5,0,903
4155,5,4,4,5,0,903
4156,5,4,4,5,0,903
4157,5,4,3,5,0,903
4158,5,4,3,5,0,903
4159,4,5,3,5,0,903
4160,5,5,3,5,0,903
4161,4,5,4,5,0,903
4162,5,5,4,5,0,903
4163,5,5,4,5,0,904
4164,5,5,3,5,0,904
4165,4,5,4,5,0,904
4166,5,5,4,5,0,905
4167,5,5,4,5,0,905
4168,5,5,4,5,0,905
4169,5,5,3,5,0,905
4170,4,5,4,5,0,905
4171,5,5,4,5,0,905
4172,5,5,4,5,0,905
4173,5,5,4,5,0,905
4174,5,5,3,5,1,905
4175,4,5,4,5,1,905
4176,5,5,4,5,1,905
4177,5,5,4,5,1,905
4178,5,5,4,5,1,905
4179,4,5,5,5,1,905
4180,5,5,5,5,0,906
4181,5,5,5,5,0,906
4182,5,5,5,5,0,907
4183,5,5,4,5,0,907
4184,5,5,4,5,0,907
4185,4,5,5,5,0,907
4186,5,5,5,5,0,907
4187,5,5,5,5,0,908
4188,5,5,5,5,0,908
4189,5,5,5,4,0,908
4190,5,5,5,4,0,908
4191,5,5,5,4,0,908
4192,4,5,5,4,1,908
4193,5,5,5,4,0,909
4194,5,5,4,5,0,909
4195,5,5,4,5,0,909
4196,5,5,4,5,0,909
4197,5,5,4,5,0,909
4198,5,5,4,5,0,909
4199,5,5,4,5,0,910
4200,4,5,4,5,0,910
4201,5,5,4,5,0,910
4202,5,4,5,5,0,910
4203,4,5,5,5,0,911
4204,5,5,5,4,0,911
4205,5,5,5,4,0,911
4206,5,5,5,4,0,911
4207,5,5,5,4,0,911
4208,5,5,5,3,1,911
4209,5,5,5,3,0,912
4210,4,5,5,4,0,912
4211,5,5,5,4,0,913
4212,5,5,4,4,0,913
4213,5,5,4,4,0,913
4214,4,5,5,3,0,914
4215,5,5,5,3,0,914
4216,5,5,5,3,0,914
4217,5,5,4,3,1,914
4218,5,5,4,3,0,915
4219,5,4,5,3,0,915
4220,5,4,5,2,1,915
4221,5,4,5,2,1,915
4222,5,4,4,3,1,915
4223,5,4,4,2,2,915
4224,4,5,4,2,1,916
4225,5,4,5,2,1,916
4226,5,4,5,1,2,916
4227,5,4,5,1,2,916
4228,5,4,4,2,1,917
4229,4,5,4,2,1,917
4230,5,4,4,3,1,917
4231,5,4,4,3,0,918
4232,4,5,4,2,1,918
4233,5,5,4,2,1,918
4234,5,5,3,3,0,919
4235,4,5,4,2,1,919
4236,5,5,4,2,1,919
4237,5,4,5,2,0,920
4238,4,5,5,2,0,920
4239,5,5,5,2,0,920
4240,5,5,5,2,0,921
4241,5,5,5,1,0,921
4242,5,4,5,2,0,921
4243,5,4,5,2,0,921
4244,5,4,4,2,1,921
4245,5,3,5,2,1,921
4246,5,3,5,2,1,921
4247,5,3,5,1,1,922
4248,4,4,5,1,1,922
4249,5,4,4,2,1,922
4250,5,3,5,2,1,922
4251,5,3,4,3,1,922
4252,4,4,4,3,0,923
4253,5,4,4,3,0,923
4254,5,4,3,4,0,923
4255,5,4,3,4,0,924
4256,5,3,4,3,0,924
4257,5,3,4,3,0,924
4258,4,4,4,3,0,924
4259,5,4,3,4,0,924
4260,5,4,3,4,0,924
4261,5,3,3,5,0,924
4262,4,4,3,4,1,924
4263,5,4,3,4,0,925
4264,5,4,2,5,0,925
4265,5,4,2,4,0,926
4266,4,5,2,4,0,926
4267,5,5,1,5,0,926
4268,5,4,2,5,0,927
4269,5,4,2,5,0,927
4270,5,4,2,5,0,927
4271,5,3,3,5,0,927
4272,5,3,3,5,0,927
4273,4,4,3,5,0,927
4274,5,4,3,5,0,927
4275,5,3,4,5,0,927
4276,5,3,3,5,0,927
4277,5,2,4,5,0,927
4278,5,2,4,5,0,927
4279,4,3,4,5,0,928
4280,5,2,5,4,0,928
4281,5,2,4,5,0,928
4282,5,1,5,4,0,929
4283,5,1,5,4,0,929
4284,4,2,5,4,0,929
4285,5,2,4,4,1,929
4286,4,2,5,4,0,930
4287,5,2,5,4,0,930
4288,5,2,4,5,0,931
4289,4,2,5,5,0,931
4290,5,2,4,5,0,931
4291,5,2,4,5,0,931
4292,5,2,4,5,0,931
4293,4,3,4,5,0,931
4294,5,3,4,5,0,931
4295,5,2,5,5,0,931
4296,5,2,5,5,0,931
4297,4,3,4,5,1,931
4298,5,2,5,5,1,931
4299,5,2,5,5,0,932
4300,4,3,5,5,0,932
4301,5,3,5,5,0,932
4302,5,3,5,5,0,933
4303,4,4,5,5,0,933
4304,5,4,5,5,0,933
4305,5,3,5,5,0,933
4306,5,3,5,5,0,933
4307,5,3,5,5,0,933
4308,4,4,5,5,0,933
4309,5,4,5,5,0,934
4310,5,4,5,5,0,934
4311,5,4,5,4,0,934
4312,5,4,5,4,0,934
4313,5,4,5,4,0,934
4314,5,4,5,4,0,935
4315,5,3,5,4,0,935
4316,5,3,5,4,0,935
4317,5,3,5,4,0,935
4318,5,2,5,5,0,935
4319,5,2,5,5,0,935
4320,5,2,5,4,0,936
4321,4,3,5,4,0,936
4322,5,3,5,4,0,936
4323,5,3,4,5,0,936
4324,5,3,4,4,1,936
4325,5,3,4,4,1,936
4326,4,4,4,4,1,936
4327,5,4,3,5,1,936
4328,5,3,4,5,1,936
4329,5,3,4,5,1,936
4330,4,4,3,5,1,937
4331,5,4,3,5,1,937
4332,5,4,3,5,1,937
4333,5,3,4,5,0,938
4334,5,3,4,5,0,938
4335,5,3,4,5,0,938
4336,5,3,4,5,0,938
4337,5,3,3,5,0,939
4338,5,3,3,5,0,939
4339,4,4,3,5,0,939
4340,5,4,3,5,0,939
4341,5,4,3,5,0,939
4342,5,4,2,5,1,939
4343,4,4,3,5,0,940
4344,5,4,3,5,0,940
4345,5,3,4,5,0,940
4346,5,3,3,5,1,940
4347,5,3,3,5,0,941
4348,5,3,3,5,0,941
4349,4,4,3,5,0,941
4350,5,4,3,5,0,941
4351,5,4,3,5,0,941
4352,4,5,2,5,1,941
4353,5,5,2,5,0,942
4354,5,5,2,4,1,942
4355,4,5,2,5,1,942
4356,5,5,2,5,1,942
4357,5,5,2,5,1,942
4358,5,5,2,5,0,943
4359,5,5,1,5,1,943
4360,5,5,1,5,1,943
4361,4,5,1,5,1,944
4362,5,5,1,5,1,944
4363,5,5,1,5,0,945
4364,4,5,2,5,0,945
4365,5,5,2,5,0,945
4366,5,5,1,5,0,946
4367,5,5,1,5,0,946
4368,4,5,2,5,0,946
4369,5,5,1,5,1,946
4370,5,5,1,5,0,947
4371,5,5,1,5,0,947
4372,5,5,1,4,1,947
4373,4,5,1,5,0,948
4374,5,5,1,5,0,948
4375,5,5,1,4,0,949
4376,5,5,1,4,0,949
4377,5,5,0,5,0,949
4378,5,5,0,5,0,949
4379,4,5,1,5,0,950
4380,5,5,1,5,0,950
4381,5,5,1,5,0,950
4382,5,5,0,5,0,950
4383,5,5,0,5,0,950
4384,5,5,0,5,0,951
4385,5,5,0,5,0,951
4386,5,5,0,4,0,951
4387,5,5,0,4,0,951
4388,4,5,0,5,0,951
4389,5,5,0,5,0,952
4390,5,5,0,4,0,952
4391,4,5,1,4,0,952
4392,5,5,1,4,0,952
4393,5,5,1,3,1,952
4394,5,5,1,3,0,953
4395,5,5,0,4,0,953
4396,5,5,0,3,0,954
4397,4,5,1,3,0,954
4398,5,5,0,4,0,954
4399,5,5,0,4,0,955
4400,5,5,0,3,0,955
4401,5,5,0,4,0,955
4402,5,4,0,4,0,955
4403,5,4,0,4,0,956
4404,4,5,0,5,0,956
4405,5,5,0,4,0,956
4406,5,5,0,4,0,956
4407,5,5,0,4,0,957
4408,5,5,0,4,0,957
4409,5,5,0,3,0,957
4410,5,5,0,3,0,957
4411,4,5,0,3,0,957
4412,5,5,0,3,0,957
4413,5,5,0,3,0,958
4414,5,4,0,3,0,958
4415,5,4,0,3,0,958
4416,4,5,0,2,0,959
4417,5,5,0,3,0,959
4418,5,5,0,3,0,959
4419,5,5,0,3,0,959
4420,5,5,0,3,0,960
4421,5,5,0,2,0,960
4422,5,5,0,2,0,960
4423,5,5,0,2,0,960
4424,5,5,0,1,1,960
4425,5,5,0,1,0,961
4426,5,5,0,1,0,961
4427,5,5,0,0,1,961
4428,5,5,0,0,0,962
4429,5,5,0,0,0,962
4430,5,5,0,0,0,962
4431,5,5,0,0,1,962
4432,5,5,0,0,1,962
4433,5,5,0,0,0,963
4434,5,5,0,0,0,963
4435,5,5,0,0,0,963
4436,4,5,0,0,0,964
4437,5,5,0,0,0,964
4438,5,5,0,0,0,964
4439,4,5,0,0,0,964
4440,5,5,0,0,0,964
4441,5,4,1,0,0,964
4442,5,4,0,1,0,964
4443,4,5,0,0,0,964
4444,5,5,0,0,0,964
4445,5,4,1,0,0,965
4446,5,4,1,0,0,965
4447,5,4,1,0,0,965
4448,5,4,1,0,0,965
4449,5,4,1,0,0,965
4450,5,4,1,0,0,966
4451,5,4,1,0,0,966
4452,5,4,1,0,0,966
4453,5,4,1,0,0,966
4454,5,3,1,0,0,966
4455,4,4,1,0,0,966
4456,5,4,1,0,0,966
4457,5,4,1,0,0,966
4458,5,4,1,0,0,966
4459,4,5,0,0,0,966
4460,5,4,1,0,0,966
4461,5,4,1,0,0,967
4462,5,4,1,0,0,967
4463,5,4,1,0,0,967
4464,4,5,1,0,0,968
4465,5,5,0,0,0,968
4466,5,5,0,0,0,968
4467,5,5,0,0,0,968
4468,5,5,0,0,0,968
4469,4,5,0,0,0,968
4470,5,5,0,0,0,968
4471,5,5,0,0,1,968
4472,5,5,0,0,1,968
4473,5,5,0,0,0,969
4474,5,5,0,0,0,969
4475,4,5,0,0,0,970
4476,5,5,0,0,0,970
4477,5,4,1,0,0,970
4478,4,5,1,0,0,970
4479,5,5,1,0,0,970
4480,5,5,0,0,0,970
4481,5,4,1,0,0,971
4482,5,4,1,0,0,971
4483,4,4,1,1,0,971
4484,5,4,1,1,0,971
4485,4,5,0,1,0,971
4486,5,5,0,1,0,971
4487,5,5,0,1,0,971
4488,4,5,1,0,1,971
4489,5,5,1,0,1,971
4490,5,5,1,0,0,972
4491,5,5,1,0,0,972
4492,5,5,1,0,0,973
4493,5,5,0,1,0,973
4494,4,5,1,1,0,973
4495,5,5,1,0,0,973
4496,5,5,0,1,0,973
4497,4,5,1,0,1,973
4498,5,5,1,0,0,974
4499,5,4,1,1,0,974
4500,5,4,1,1,0,975
4501,4,5,1,0,0,975
4502,5,4,2,0,0,975
4503,5,4,2,0,0,975
4504,5,4,2,0,0,975
4505,5,3,2,1,0,975
4506,4,4,2,1,0,975
4507,5,4,2,0,1,975
4508,4,5,2,0,0,976
4509,5,5,1,0,1,976
4510,5,5,1,0,1,976
4511,5,5,1,0,1,976
4512,5,5,1,0,1,976
4513,5,5,1,0,1,976
4514,5,5,1,0,2,976
4515,4,5,1,0,2,976
4516,5,5,1,0,1,977
4517,5,5,0,1,1,977
4518,5,5,0,0,2,977
4519,5,5,0,0,1,978
4520,5,5,0,0,2,978
4521,5,5,0,0,2,978
4522,5,5,0,0,2,978
4523,5,5,0,0,2,978
4524,5,5,0,0,2,978
4525,5,5,0,0,1,979
4526,5,5,0,0,1,979
4527,5,5,0,0,2,979
4528,5,5,0,0,1,980
4529,5,5,0,0,1,980
4530,5,5,0,0,1,980
4531,5,5,0,0,1,980
4532,4,5,0,0,0,981
4533,5,5,0,0,0,981
4534,5,5,0,0,0,981
4535,5,5,0,0,0,982
4536,4,5,0,0,0,982
4537,5,5,0,0,0,982
4538,5,5,0,0,0,982
4539,5,5,0,0,0,982
4540,5,5,0,0,0,982
4541,5,5,0,0,0,982
4542,4,5,0,0,0,982
4543,5,5,0,0,0,983
4544,5,4,1,0,0,983
4545,5,4,1,0,0,983
4546,5,4,1,0,0,983
4547,4,5,1,0,0,983
4548,5,5,1,0,0,983
4549,5,4,1,0,0,984
4550,5,4,1,0,0,984
4551,5,4,1,0,0,984
4552,5,4,0,0,0,984
4553,5,3,1,0,0,984
4554,5,3,1,0,0,985
4555,4,4,0,1,0,985
4556,5,3,1,1,0,985
4557,5,3,1,1,0,985
4558,4,4,1,0,0,985
4559,5,4,0,1,0,985
4560,5,4,0,1,0,985
4561,5,3,0,2,0,985
4562,5,3,0,2,0,986
4563,5,3,0,2,0,986
4564,5,3,0,3,0,986
4565,5,3,0,3,0,986
4566,5,3,0,3,0,986
4567,5,2,0,3,0,986
4568,5,2,0,3,0,986
4569,4,3,0,3,0,986
4570,5,3,0,3,0,986
4571,5,3,0,3,0,986
4572,5,3,0,3,0,986
4573,4,3,1,3,0,986
4574,5,3,1,2,0,986
4575,5,3,1,2,0,986
4576,5,3,0,3,0,986
4577,4,3,1,2,1,986
4578,5,3,1,2,0,987
4579,5,3,0,2,1,987
4580,5,3,0,2,1,987
4581,4,4,0,2,0,988
4582,5,3,1,1,1,988
4583,4,4,0,2,1,988
4584,5,4,0,2,0,989
4585,5,4,0,2,0,989
4586,4,5,0,3,0,989
4587,5,5,0,2,1,989
4588,5,5,0,2,0,990
4589,5,5,0,2,0,990
4590,4,5,0,2,0,991
4591,5,5,0,2,0,991
4592,5,4,1,1,0,991
4593,5,4,1,1,0,991
4594,5,4,1,0,0,992
4595,4,5,0,1,0,992
4596,5,4,1,1,0,992
4597,5,4,1,0,0,993
4598,5,4,1,0,0,993
4599,5,3,2,0,0,993
4600,4,4,1,0,0,994
4601,5,4,1,0,0,994
4602,4,4,2,0,0,994
4603,5,4,2,0,0,995
4604,4,5,2,0,0,995
4605,5,4,2,0,0,995
4606,4,5,2,0,0,996
4607,5,5,2,0,0,996
4608,5,5,2,0,0,996
4609,5,5,2,0,0,996
4610,4,5,3,0,0,996
4611,5,5,3,0,0,996
4612,5,5,3,0,0,996
4613,4,5,4,0,0,996
4614,5,5,4,0,0,996
4615,5,5,4,0,0,996
4616,5,4,5,0,0,996
4617,5,4,5,0,0,996
4618,5,4,5,0,0,996
4619,4,5,4,0,0,997
4620,5,4,5,0,0,997
4621,5,4,4,1,0,997
4622,5,4,4,1,0,997
4623,5,4,4,1,0,997
4624,5,3,4,2,0,997
4625,5,3,4,1,0,997
4626,5,3,3,2,0,997
4627,5,2,4,2,0,997
4628,4,3,4,1,1,997
4629,5,3,4,1,0,998
4630,4,4,3,2,0,998
4631,5,4,3,2,0,998
4632,5,3,4,2,0,998
4633,5,3,4,2,0,998
4634,5,2,4,3,0,999
4635,4,3,4,3,0,999
4636,5,3,4,3,0,999
4637,5,2,5,3,0,999
4638,5,2,5,2,0,999
4639,4,3,5,2,0,999
4640,5,3,5,2,0,1000
4641,5,3,5,2,0,1000
4642,4,4,5,2,0,1000
4643,5,4,5,2,0,1000
4644,5,4,5,1,0,1000
4645,5,4,5,1,0,1000
4646,4,4,5,2,0,1000
4647,5,4,5,1,0,1001
4648,5,4,4,2,0,1001
4649,5,3,5,1,1,1001
4650,5,3,5,1,0,1002
4651,5,3,4,2,0,1002
4652,5,2,5,1,1,1002
4653,5,2,5,1,1,1002
4654,4,3,4,2,1,1002
4655,5,3,4,2,1,1002
4656,5,3,4,2,0,1003
4657,4,3,4,3,0,1003
4658,5,3,4,3,0,1003
4659,4,4,4,3,0,1003
4660,5,4,4,2,0,1004
4661,5,4,3,3,0,1004
4662,4,5,3,3,0,1004
4663,5,5,2,4,0,1005
4664,5,4,3,3,0,1005
4665,5,4,3,3,0,1005
4666,5,4,3,3,0,1005
4667,5,4,3,2,0,1006
4668,5,3,4,2,0,1006
4669,4,4,4,2,0,1006
4670,5,4,4,1,1,1006
4671,5,3,5,1,1,1006
4672,5,3,4,2,1,1006
4673,5,3,4,2,0,1007
4674,4,4,4,2,0,1007
4675,5,4,4,1,1,1007
4676,5,4,3,2,1,1007
4677,4,4,4,2,0,1008
4678,5,4,4,2,0,1008
4679,5,4,3,2,1,1008
4680,5,3,4,2,1,1008
4681,4,4,4,2,1,1008
4682,5,3,4,3,0,1009
4683,5,3,4,3,0,1009
4684,5,3,4,3,0,1009
4685,5,2,5,3,0,1009
4686,5,2,5,2,1,1009
4687,5,2,5,2,1,1009
4688,5,2,5,2,1,1009
4689,5,2,5,2,1,1009
4690,4,2,5,3,0,1010
4691,5,2,5,3,0,1010
4692,5,2,4,3,1,1010
4693,4,3,4,3,1,1010
4694,5,3,4,3,1,1010
4695,5,3,4,3,1,1010
4696,5,3,3,3,2,1010
4697,4,4,3,3,1,1011
4698,5,4,3,3,1,1011
4699,5,3,4,3,0,1012
4700,5,3,3,4,0,1012
4701,5,3,3,4,0,1013
4702,5,3,2,4,0,1013
4703,5,3,2,4,0,1013
4704,5,2,3,4,0,1014
4705,5,2,2,5,0,1014
4706,4,3,2,4,0,1014
4707,5,2,3,4,0,1014
4708,5,2,3,4,0,1015
4709,4,3,3,4,0,1015
4710,5,2,4,4,0,1015
4711,5,2,3,5,0,1015
4712,4,3,3,5,0,1015
4713,5,2,4,4,0,1015
4714,5,2,3,5,0,1015
4715,5,2,3,5,0,1015
4716,5,2,3,5,0,1015
4717,4,3,3,5,0,1015
4718,5,3,3,5,0,1015
4719,5,3,3,5,0,1015
4720,5,3,3,5,0,1016
4721,5,3,3,5,0,1016
4722,5,2,4,5,0,1016
4723,5,2,4,5,0,1016
4724,4,3,3,5,0,1016
4725,5,3,3,5,0,1016
4726,4,4,3,5,0,1016
4727,5,4,2,5,1,1016
4728,5,4,2,5,0,1017
4729,4,5,2,5,0,1017
4730,5,4,3,5,0,1018
4731,4,5,2,5,0,1018
4732,5,5,2,5,0,1018
4733,5,5,2,5,0,1019
4734,5,5,2,5,0,1019
4735,4,5,3,5,0,1019
4736,5,5,3,5,0,1019
4737,5,5,3,4,0,1019
4738,5,5,2,5,0,1019
4739,4,5,3,5,0,1019
4740,5,5,3,4,1,1019
4741,5,5,2,5,1,1019
4742,5,5,2,5,0,1020
4743,4,5,3,5,0,1020
4744,5,5,3,5,0,1020
4745,5,5,2,5,1,1020
4746,4,5,3,5,1,1020
4747,5,5,3,5,1,1020
4748,5,5,2,5,1,1021
4749,5,5,2,5,1,1021
4750,5,5,2,5,1,1021
4751,5,5,2,5,1,1021
4752,5,4,2,5,2,1021
4753,5,4,2,5,2,1021
4754,5,4,2,5,2,1021
4755,5,4,2,4,2,1022
4756,4,4,3,4,2,1022
4757,5,4,3,3,3,1022
4758,5,4,3,3,2,1023
4759,5,4,3,3,2,1023
4760,4,5,3,2,2,1024
4761,5,5,3,2,2,1024
4762,5,5,3,2,2,1024
4763,5,5,3,1,3,1024
4764,5,5,3,1,3,1024
4765,5,5,3,1,2,1025
4766,5,5,3,1,2,1025
4767,4,5,3,2,2,1025
4768,5,5,3,1,3,1025
4769,4,5,4,1,2,1026
4770,5,5,3,2,2,1026
4771,5,5,3,2,2,1026
4772,5,5,3,2,1,1027
4773,5,5,2,3,1,1027
4774,5,5,2,3,1,1027
4775,5,5,2,2,2,1027
4776,5,5,2,2,1,1028
4777,5,5,2,2,1,1028
4778,4,5,3,2,1,1028
4779,5,5,3,1,2,1028
4780,5,5,2,2,2,1028
4781,5,5,2,2,2,1028
4782,5,5,2,2,2,1028
4783,5,5,2,1,3,1028
4784,5,5,2,1,3,1028
4785,5,5,1,2,2,1029
4786,4,5,2,2,2,1029
4787,5,5,2,2,2,1029
4788,5,5,2,2,2,1029
4789,4,5,3,2,1,1030
4790,5,5,2,3,1,1030
4791,5,5,2,3,1,1030
4792,5,5,2,3,1,1030
4793,4,5,3,3,1,1030
4794,5,5,3,3,1,1030
4795,5,5,3,3,1,1030
4796,5,5,3,3,1,1030
4797,5,4,3,4,0,1031
4798,5,4,3,4,0,1031
4799,4,5,3,4,0,1031
4800,5,5,2,4,0,1032
4801,5,5,2,4,0,1032
4802,5,4,3,4,0,1032
4803,4,5,3,3,0,1033
4804,5,4,4,3,0,1033
4805,4,5,4,2,1,1033
4806,5,5,4,2,1,1033
4807,5,4,5,2,1,1033
4808,5,4,4,3,0,1034
4809,4,4,5,3,0,1034
4810,5,4,5,3,0,1034
4811,5,4,4,4,0,1034
4812,5,4,4,4,0,1034
4813,5,4,4,3,1,1034
4814,4,5,4,3,0,1035
4815,5,5,3,4,0,1035
4816,4,5,4,3,0,1036
4817,5,5,4,3,0,1036
4818,5,5,4,3,0,1036
4819,5,5,4,3,0,1037
4820,4,5,4,4,0,1037
4821,5,5,4,4,0,1037
4822,5,4,5,4,0,1037
4823,4,5,5,3,0,1037
4824,5,5,4,4,0,1037
4825,5,5,4,3,1,1037
4826,4,5,5,3,0,1038
4827,5,5,5,3,0,1038
4828,5,5,5,2,1,1038
4829,5,5,5,2,1,1038
4830,5,5,5,2,1,1038
4831,5,5,5,2,1,1038
4832,4,5,5,3,1,1038
4833,5,5,5,3,1,1038
4834,5,5,5,3,0,1039
4835,5,5,4,4,0,1039
4836,5,5,4,3,1,1039
4837,5,5,4,3,1,1039
4838,4,5,4,4,0,1040
4839,5,5,4,3,1,1040
4840,5,5,3,4,1,1040
4841,5,5,3,4,1,1040
4842,5,5,3,4,1,1040
4843,5,5,2,5,1,1040
4844,5,5,2,5,0,1041
4845,5,4,3,5,0,1041
4846,5,4,3,5,0,1042
4847,5,4,3,5,0,1042
4848,5,3,4,5,0,1042
4849,4,4,3,5,0,1042
4850,5,4,3,5,0,1042
4851,5,3,4,5,0,1043
4852,4,4,3,5,0,1043
4853,5,4,3,5,0,1043
4854,5,4,3,5,0,1043
4855,4,4,4,5,0,1044
4856,5,4,4,5,0,1044
4857,5,4,4,5,0,1044
4858,4,5,4,5,0,1044
4859,5,4,5,5,0,1044
4860,4,5,5,5,0,1044
4861,5,5,5,5,0,1044
4862,5,5,5,5,0,1044
4863,5,5,4,5,0,1044
4864,5,5,4,5,0,1044
4865,4,5,5,5,0,1044
4866,5,5,4,5,1,1044
4867,5,5,4,5,0,1045
4868,5,5,4,5,0,1045
4869,4,5,4,5,0,1046
4870,5,5,4,5,0,1046
4871,5,5,4,5,0,1046
4872,5,5,3,5,1,1046
4873,5,5,3,5,1,1046
4874,5,5,3,5,0,1047
4875,4,5,3,5,1,1047
4876,5,5,3,5,1,1047
4877,5,5,3,5,1,1047
4878,5,5,3,4,2,1047
4879,5,5,2,5,2,1047
4880,5,5,2,5,1,1048
4881,5,5,2,5,1,1048
4882,5,5,1,5,2,1048
4883,4,5,2,5,1,1049
4884,5,5,2,5,1,1049
4885,5,5,2,4,1,1050
4886,5,5,1,5,1,1050
4887,5,5,1,5,0,1051
4888,5,5,1,5,0,1051
4889,5,5,1,5,0,1051
4890,4,5,2,5,0,1052
4891,5,5,2,5,0,1052
4892,4,5,3,5,0,1052
4893,5,5,3,5,0,1052
4894,5,5,3,5,0,1052
4895,5,4,4,5,0,1052
4896,5,4,3,5,0,1052
4897,4,5,3,5,0,1052
4898,5,5,3,5,0,1052
4899,5,5,3,5,0,1052
4900,5,5,2,5,1,1052
4901,5,5,2,5,1,1052
4902,4,5,3,5,1,1052
4903,5,5,2,5,2,1052
4904,5,5,2,5,1,1053
4905,5,5,2,5,1,1053
4906,5,5,2,5,1,1053
4907,5,5,2,5,1,1053
4908,4,5,3,5,1,1053
4909,5,5,2,5,2,1053
4910,5,5,2,5,2,1053
4911,5,5,2,5,2,1053
4912,4,5,3,5,2,1053
4913,5,5,2,5,3,1053
4914,4,5,3,5,3,1053
4915,5,5,3,5,2,1054
4916,5,5,3,5,2,1054
4917,5,5,2,5,3,1054
4918,4,5,3,5,2,1055
4919,5,5,3,5,2,1055
4920,5,5,3,5,2,1055
4921,5,5,2,5,3,1055
4922,4,5,3,5,2,1056
4923,5,5,2,5,3,1056
4924,5,5,2,5,3,1056
4925,4,5,3,5,3,1056
4926,5,5,3,5,2,1057
4927,5,5,3,4,3,1057
4928,5,5,3,4,3,1057
4929,5,5,3,4,3,1057
4930,5,5,3,4,3,1057
4931,5,5,3,3,4,1057
4932,4,5,3,4,3,1058
4933,5,5,3,4,3,1058
4934,5,5,2,5,3,1058
4935,5,5,2,4,3,1059
4936,5,5,2,4,3,1059
4937,4,5,3,4,3,1059
4938,5,5,3,3,3,1060
4939,5,5,3,3,3,1060
4940,5,5,3,3,3,1060
4941,5,4,3,4,3,1060
4942,5,4,3,3,3,1061
4943,4,5,2,4,3,1061
4944,5,4,3,4,3,1061
4945,4,5,3,4,3,1061
4946,5,5,3,3,4,1061
4947,5,5,3,3,4,1061
4948,5,5,2,4,4,1061
4949,5,5,2,4,4,1061
4950,4,5,3,4,3,1062
4951,5,5,2,5,3,1062
4952,5,5,2,4,3,1063
4953,5,5,2,4,3,1063
4954,5,5,1,5,3,1063
4955,5,5,1,4,4,1063
4956,5,5,1,4,3,1064
4957,5,5,0,5,3,1064
4958,5,5,0,5,3,1064
4959,4,5,1,5,3,1064
4960,5,5,1,5,3,1064
4961,5,4,1,5,3,1065
4962,4,5,1,5,3,1065
4963,5,5,1,5,3,1065
4964,5,4,2,5,3,1065
4965,4,5,2,5,2,1066
4966,5,5,2,5,2,1066
4967,4,5,2,5,3,1066
4968,5,5,2,5,3,1066
4969,5,5,2,5,2,1067
4970,5,5,1,5,3,1067
4971,4,5,2,5,2,1068
4972,5,5,2,5,2,1068
4973,5,5,2,5,2,1068
4974,5,5,2,5,2,1068
4975,4,5,3,5,2,1068
4976,5,5,3,5,1,1069
4977,5,5,3,5,1,1069
4978,5,5,3,5,1,1069
4979,5,5,2,5,2,1069
4980,5,5,2,5,1,1070
4981,5,5,2,5,1,1070
4982,5,5,2,5,1,1070
4983,5,5,2,5,1,1070
4984,5,5,2,5,1,1070
4985,5,5,2,5,1,1070
4986,5,5,2,5,1,1070
4987,5,5,2,5,0,1071
4988,5,5,1,5,1,1071
4989,5,5,1,5,0,1072
4990,4,5,2,5,0,1072
4991,5,5,2,4,1,1072
4992,5,5,2,4,0,1073
4993,5,4,2,5,0,1073
4994,5,4,2,5,0,1073
4995,5,4,2,4,0,1074
4996,4,5,2,4,0,1074
4997,5,5,2,4,0,1074
4998,4,5,3,4,0,1074
4999,5,5,3,4,0,1075
5000,5,5,3,4,0,1075
5001,5,5,2,4,0,1075
5002,5,5,2,4,0,1075
5003,5,5,2,3,1,1075
5004,5,5,1,4,1,1075
5005,5,5,1,3,2,1075
5006,5,5,0,4,2,1075
5007,5,5,0,4,2,1075
5008,5,5,0,4,2,1075
5009,5,5,0,5,2,1075
5010,4,5,0,4,3,1075
5011,5,5,0,4,2,1076
5012,5,5,0,5,2,1076
5013,4,5,0,5,2,1076
5014,5,5,0,4,2,1077
5015,5,5,0,4,2,1077
5016,4,5,0,5,2,1077
5017,5,5,0,5,2,1077
5018,5,5,0,5,2,1077
5019,5,5,0,5,1,1078
5020,5,5,0,5,1,1078
5021,5,5,0,5,1,1078
5022,4,5,1,4,2,1078
5023,5,5,1,4,2,1078
5024,5,5,1,4,2,1078
5025,5,5,1,4,1,1079
5026,5,5,1,4,1,1079
5027,5,5,0,5,1,1079
5028,5,5,0,5,0,1080
5029,5,5,0,5,0,1080
5030,5,5,0,5,0,1080
5031,4,5,1,5,0,1080
5032,5,5,1,5,0,1080
5033,5,5,1,5,0,1080
5034,4,5,2,5,0,1081
5035,5,5,2,5,0,1081
5036,5,5,1,5,0,1081
5037,5,4,2,5,0,1081
5038,5,4,2,5,0,1081
5039,4,5,2,5,0,1081
5040,5,5,2,5,0,1082
5041,5,5,1,5,0,1082
5042,5,5,1,5,0,1082
5043,5,5,1,5,0,1082
5044,5,5,1,5,0,1082
5045,5,5,1,5,0,1083
5046,4,5,2,5,0,1083
5047,5,5,1,5,0,1083
5048,5,5,1,5,0,1083
5049,4,5,2,5,0,1083
5050,5,5,2,5,0,1083
5051,5,5,2,5,0,1084
5052,5,5,1,5,0,1084
5053,4,5,2,5,0,1084
5054,5,5,2,5,0,1084
5055,5,5,1,5,0,1085
5056,5,5,1,5,0,1085
5057,5,4,2,4,1,1085
5058,4,5,2,4,1,1085
5059,5,5,2,4,1,1085
5060,5,5,2,3,2,1085
5061,5,5,2,3,1,1086
5062,5,5,2,3,1,1086
5063,4,5,3,2,2,1086
5064,5,5,2,3,2,1086
5065,5,5,2,3,1,1087
5066,5,5,2,2,2,1087
5067,4,5,2,3,2,1087
5068,5,5,2,3,2,1087
5069,5,5,1,4,2,1087
5070,4,5,2,4,1,1088
5071,5,5,2,4,1,1088
5072,5,5,2,4,1,1088
5073,5,4,3,4,0,1089
5074,5,4,3,4,0,1089
5075,4,5,2,5,0,1089
5076,5,5,2,5,0,1090
5077,5,5,2,5,0,1090
5078,5,5,2,5,0,1090
5079,5,4,2,5,0,1090
5080,4,5,2,5,0,1090
5081,5,5,2,5,0,1090
5082,5,5,1,5,1,1090
5083,5,5,1,5,1,1090
5084,5,5,1,5,1,1090
5085,5,5,1,4,2,1090
5086,4,5,2,4,2,1090
5087,5,5,1,5,1,1091
5088,5,5,1,5,1,1091
5089,5,5,0,5,2,1091
5090,5,5,0,5,1,1092
5091,5,5,0,5,1,1092
5092,5,5,0,5,1,1092
5093,5,5,0,5,0,1093
5094,4,5,1,5,0,1093
5095,5,5,1,4,1,1093
5096,5,5,0,5,0,1094
5097,5,5,0,5,0,1094
5098,5,5,0,5,0,1094
5099,5,5,0,5,0,1095
5100,5,5,0,5,0,1095
5101,4,5,0,5,0,1095
5102,5,5,0,5,0,1095
5103,4,5,1,4,0,1096
5104,5,5,1,4,0,1096
5105,5,5,0,5,0,1096
5106,5,5,0,5,0,1096
5107,5,4,1,4,1,1096
5108,5,4,0,5,1,1096
5109,4,5,0,4,1,1097
5110,5,5,0,4,1,1097
5111,5,4,0,5,1,1097
5112,4,5,0,5,1,1097
5113,5,5,0,4,2,1097
5114,5,5,0,5,2,1097
5115,5,5,0,5,1,1098
5116,5,5,0,5,1,1098
5117,5,5,0,5,1,1098
5118,4,5,0,4,1,1099
5119,5,5,0,4,1,1099
5120,5,5,0,3,1,1100
5121,4,5,0,4,1,1100
5122,5,5,0,4,1,1100
5123,5,5,0,3,2,1100
5124,5,5,0,4,2,1100
5125,4,5,0,4,2,1100
5126,5,5,0,4,2,1100
5127,5,5,0,4,1,1101
5128,5,4,0,4,2,1101
5129,4,5,0,4,2,1101
5130,5,5,0,4,2,1101
5131,5,4,1,3,3,1101
5132,5,4,1,3,2,1102
5133,4,5,0,3,3,1102
5134,5,5,0,3,3,1102
5135,5,5,0,3,3,1102
5136,5,4,1,2,4,1102
5137,5,4,0,3,4,1102
5138,4,5,0,2,5,1102
5139,5,5,0,2,5,1102
5140,4,5,1,2,4,1103
5141,5,5,1,1,5,1103
5142,5,5,0,2,4,1104
5143,5,5,0,2,4,1104
5144,4,5,1,1,5,1104
5145,5,5,1,1,5,1104
5146,5,4,2,1,5,1104
5147,4,5,1,1,5,1105
5148,5,5,1,1,5,1105
5149,5,4,2,1,5,1105
5150,4,5,1,1,5,1106
5151,5,5,1,1,5,1106
5152,5,5,1,1,4,1107
5153,5,5,0,1,5,1107
5154,5,5,0,1,5,1107
5155,5,5,0,2,5,1107
5156,5,5,0,1,5,1108
5157,4,5,0,1,5,1108
5158,5,5,0,1,5,1108
5159,5,5,0,1,4,1109
5160,5,4,1,1,4,1109
5161,5,4,1,1,4,1109
5162,4,5,1,1,4,1109
5163,5,4,1,1,5,1109
5164,5,4,1,1,5,1109
5165,5,4,1,1,5,1109
5166,5,3,2,1,5,1109
5167,4,4,2,1,5,1109
5168,5,4,2,0,5,1110
5169,5,4,2,0,5,1110
5170,5,3,2,1,5,1110
5171,5,3,2,1,5,1110
5172,5,3,2,1,5,1110
5173,5,3,2,1,5,1110
5174,4,3,3,1,5,1110
5175,5,3,3,1,5,1110
5176,5,3,2,1,5,1111
5177,5,2,3,1,5,1111
5178,5,2,2,2,5,1111
5179,4,3,2,2,4,1112
5180,5,2,3,2,4,1112
5181,5,2,3,1,5,1112
5182,4,3,2,2,5,1112
5183,5,2,3,2,5,1112
5184,5,2,3,2,5,1112
5185,5,2,2,3,5,1112
5186,5,2,2,2,5,1113
5187,5,1,2,3,5,1113
5188,4,2,2,3,5,1113
5189,5,1,3,3,4,1114
5190,4,2,3,2,5,1114
5191,5,2,2,3,5,1114
5192,5,2,2,3,4,1115
5193,4,3,2,3,4,1115
5194,5,2,3,3,4,1115
5195,5,2,2,4,4,1115
5196,5,2,2,4,4,1115
5197,5,2,2,4,3,1116
5198,5,2,2,4,3,1116
5199,5,2,2,3,4,1116
5200,5,2,2,3,3,1117
5201,5,2,1,4,3,1117
5202,5,2,1,4,3,1117
5203,4,3,0,4,3,1118
5204,5,2,1,4,3,1118
5205,5,2,1,4,3,1118
5206,5,2,1,3,3,1119
5207,5,1,1,4,3,1119
5208,5,1,1,4,2,1120
5209,5,1,0,4,3,1120
5210,4,1,1,4,3,1120
5211,5,1,1,4,3,1120
5212,5,1,1,4,2,1121
5213,4,2,1,4,2,1121
5214,5,1,2,4,2,1121
5215,5,1,1,5,2,1121
5216,5,1,1,4,2,1122
5217,4,2,1,4,2,1122
5218,5,1,1,5,2,1122
5219,5,1,1,5,2,1122
5220,5,1,1,5,2,1122
5221,5,1,1,4,3,1122
5222,4,2,1,4,2,1123
5223,5,2,0,5,2,1123
5224,5,2,0,4,2,1124
5225,5,2,0,5,2,1124
5226,4,2,0,5,2,1124
5227,5,2,0,4,3,1124
5228,5,2,0,5,2,1125
5229,4,3,0,5,2,1125
5230,5,2,0,4,2,1126
5231,5,2,0,4,2,1126
5232,4,3,0,5,2,1126
5233,5,3,0,5,2,1126
5234,5,2,0,4,2,1127
5235,5,2,0,4,2,1127
5236,5,2,0,4,2,1127
5237,5,2,0,3,2,1128
5238,4,3,0,3,2,1128
5239,5,2,1,3,2,1128
5240,5,2,0,4,2,1128
5241,4,3,0,4,2,1128
5242,5,3,0,4,2,1128
5243,5,3,0,4,2,1129
5244,4,4,0,4,2,1129
5245,5,4,0,4,2,1129
5246,4,5,0,4,1,1130
5247,5,5,0,4,1,1130
5248,5,5,0,3,1,1131
5249,5,5,0,3,1,1131
5250,5,5,0,3,1,1131
5251,5,5,0,2,2,1131
5252,5,5,0,2,2,1131
5253,5,5,0,1,3,1131
5254,4,5,0,1,3,1131
5255,5,5,0,0,4,1131
5256,5,5,0,0,3,1132
5257,4,5,1,0,3,1132
5258,5,5,1,0,2,1133
5259,5,5,1,0,3,1133
5260,5,5,0,0,3,1133
5261,4,5,1,0,3,1133
5262,5,5,1,0,3,1134
5263,5,5,1,0,3,1134
5264,5,5,0,0,3,1134
5265,5,5,0,0,2,1135
5266,5,5,0,0,2,1135
5267,5,4,1,0,2,1135
5268,5,4,1,0,3,1135
5269,5,4,1,0,2,1136
5270,5,3,1,0,2,1136
5271,5,3,1,0,2,1136
5272,4,4,1,0,2,1136
5273,5,3,2,0,2,1136
5274,5,3,2,0,2,1136
5275,4,4,2,0,2,1136
5276,5,4,2,0,3,1136
5277,5,4,2,0,3,1136
5278,4,5,1,0,3,1136
5279,5,5,1,0,3,1136
5280,5,5,1,0,3,1136
5281,5,5,1,0,3,1136
5282,5,4,1,0,4,1136
5283,5,4,1,0,3,1137
5284,4,5,1,0,3,1137
5285,5,4,1,0,4,1137
5286,4,5,1,0,3,1138
5287,5,5,1,0,3,1138
5288,5,4,2,0,3,1139
5289,5,4,1,0,3,1139
5290,4,5,1,0,3,1139
5291,5,4,2,0,2,1140
5292,5,4,2,0,2,1140
5293,5,4,2,0,1,1141
5294,5,3,2,0,2,1141
5295,4,4,2,0,1,1142
5296,5,4,1,1,1,1142
5297,5,4,1,0,2,1142
5298,4,4,2,0,1,1143
5299,5,4,2,0,1,1143
5300,5,4,2,0,1,1143
5301,5,4,2,0,2,1143
5302,4,5,1,0,2,1143
5303,5,5,1,0,2,1143
5304,5,5,0,1,1,1144
5305,5,5,0,1,1,1144
5306,5,5,0,1,1,1144
5307,5,5,0,0,1,1145
5308,4,5,1,0,1,1145
5309,5,5,0,1,1,1145
5310,5,5,0,1,0,1146
5311,5,4,1,1,0,1146
5312,4,5,1,1,0,1147
5313,5,5,1,0,0,1147
5314,5,4,1,1,0,1147
5315,4,5,1,1,0,1148
5316,5,5,1,1,0,1148
5317,5,5,0,2,0,1148
5318,5,5,0,2,0,1148
5319,5,5,0,2,0,1148
5320,5,5,0,2,0,1148
5321,5,5,0,2,0,1148
5322,5,5,0,2,0,1148
5323,5,5,0,1,0,1149
5324,5,5,0,1,0,1149
5325,5,5,0,1,0,1149
5326,5,5,0,0,1,1149
5327,5,5,0,0,1,1149
5328,4,5,0,0,1,1149
5329,5,5,0,0,1,1149
5330,5,5,0,0,1,1149
5331,5,5,0,1,1,1149
5332,5,5,0,1,1,1149
5333,4,5,0,1,1,1149
5334,5,5,0,1,1,1149
5335,5,5,0,1,0,1150
5336,5,4,0,2,0,1150
5337,4,5,0,2,0,1150
5338,5,5,0,2,0,1150
5339,5,5,0,1,1,1150
5340,5,5,0,1,0,1151
5341,5,5,0,1,0,1151
5342,5,5,0,2,0,1151
5343,5,5,0,1,0,1152
5344,5,5,0,1,0,1152
5345,5,5,0,1,0,1152
5346,4,5,0,1,0,1152
5347,5,5,0,1,0,1153
5348,5,5,0,1,0,1153
5349,4,5,0,2,0,1153
5350,5,5,0,2,0,1153
5351,5,5,0,2,0,1153
5352,5,5,0,1,0,1153
5353,5,5,0,1,0,1153
5354,5,5,0,2,0,1153
5355,4,5,0,2,0,1153
5356,5,5,0,2,0,1153
5357,5,5,0,1,1,1153
5358,4,5,0,2,0,1154
5359,5,5,0,2,0,1154
5360,5,5,0,2,0,1155
5361,5,5,0,2,0,1155
5362,5,5,0,1,0,1155
5363,5,5,0,1,0,1155
5364,4,5,1,1,0,1156
5365,5,5,0,2,0,1156
5366,5,5,0,2,0,1156
5367,5,5,0,3,0,1156
5368,4,5,0,3,0,1156
5369,5,5,0,3,0,1156
5370,5,5,0,3,0,1156
5371,5,5,0,3,0,1156
5372,5,5,0,3,0,1157
5373,5,5,0,2,0,1157
5374,5,5,0,2,0,1157
5375,5,5,0,2,0,1157
5376,5,5,0,2,0,1158
5377,4,5,0,2,0,1158
5378,5,5,0,2,0,1158
5379,5,5,0,1,0,1158
5380,5,5,0,1,0,1158
5381,5,5,0,1,0,1159
5382,4,5,1,1,0,1159
5383,5,5,1,1,0,1159
5384,5,5,1,1,0,1159
5385,5,5,1,0,0,1159
5386,5,5,1,0,0,1159
5387,5,5,0,1,0,1159
5388,5,5,0,0,1,1159
5389,4,5,0,1,1,1159
5390,5,5,0,1,1,1159
5391,5,5,0,0,2,1159
5392,5,5,0,1,2,1159
5393,4,5,0,1,2,1159
5394,5,5,0,0,3,1159
5395,5,5,0,0,3,1159
5396,5,5,0,0,3,1159
5397,5,5,0,0,3,1159
5398,5,5,0,1,2,1160
5399,4,5,0,1,2,1160
5400,5,5,0,0,3,1160
5401,5,5,0,0,3,1160
5402,5,5,0,0,3,1160
5403,5,5,0,0,3,1161
5404,5,5,0,0,3,1161
5405,5,5,0,0,3,1161
5406,5,5,0,0,3,1162
5407,5,5,0,0,3,1162
5408,5,5,0,0,3,1162
5409,5,5,0,0,2,1163
5410,5,5,0,0,2,1163
5411,5,5,0,0,2,1163
5412,4,5,0,0,1,1164
5413,5,5,0,0,1,1164
5414,5,5,0,0,1,1164
5415,5,5,0,0,0,1165
5416,5,5,0,0,0,1165
5417,5,5,0,0,1,1165
5418,4,5,0,0,0,1166
5419,5,5,0,0,0,1166
5420,5,5,0,0,0,1166
5421,4,5,0,0,0,1167
5422,5,5,0,0,0,1167
5423,5,5,0,0,0,1167
5424,5,4,1,0,0,1167
5425,5,4,1,0,0,1167
5426,5,3,1,0,0,1168
5427,4,4,1,0,0,1168
5428,5,4,1,0,0,1168
5429,5,3,2,0,0,1168
5430,4,4,2,0,0,1168
5431,5,4,1,1,0,1168
5432,4,4,2,1,0,1168
5433,5,4,2,0,0,1168
5434,5,4,2,0,0,1168
5435,5,4,2,0,0,1168
5436,4,5,2,0,1,1168
5437,5,4,2,0,1,1168
5438,5,4,2,0,0,1169
5439,5,4,2,0,0,1169
5440,4,5,1,1,0,1169
5441,5,4,2,1,0,1170
5442,5,4,2,0,0,1170
5443,5,4,1,1,0,1170
5444,5,4,1,1,0,1170
5445,5,3,1,2,0,1170
5446,5,3,1,2,0,1170
5447,5,3,1,2,0,1170
5448,4,3,2,1,1,1170
5449,5,3,2,1,0,1171
5450,4,4,2,1,0,1171
5451,5,4,1,1,1,1171
5452,5,4,1,1,1,1171
5453,5,3,1,2,0,1172
5454,5,3,1,2,0,1172
5455,5,3,1,2,0,1172
5456,5,2,1,2,0,1173
5457,4,3,1,2,0,1173
5458,5,3,1,1,1,1173
5459,5,2,2,1,1,1173
5460,5,2,1,2,1,1173
5461,5,2,1,1,1,1174
5462,4,3,1,1,1,1174
5463,5,2,1,1,2,1174
5464,5,2,1,1,2,1174
5465,4,3,1,1,2,1174
5466,5,2,2,1,2,1174
5467,4,3,1,1,3,1174
5468,5,3,1,1,3,1174
5469,5,3,1,1,3,1174
5470,5,2,1,2,3,1174
5471,5,2,1,2,3,1174
5472,5,2,1,1,4,1174
5473,4,3,0,2,3,1175
5474,5,3,0,2,3,1175
5475,4,3,1,1,4,1175
5476,5,3,1,1,4,1175
5477,5,3,1,1,4,1175
5478,4,4,1,1,4,1175
5479,5,3,2,0,5,1175
5480,5,3,2,0,5,1175
5481,4,3,3,0,5,1175
5482,5,3,2,1,5,1175
5483,5,3,2,1,5,1175
5484,4,4,2,1,5,1175
5485,5,3,2,1,5,1176
5486,5,3,2,1,5,1176
5487,5,3,2,1,5,1176
5488,4,4,2,1,5,1176
5489,5,3,3,1,5,1176
5490,4,4,3,1,5,1176
5491,5,4,3,1,4,1177
5492,5,4,3,1,4,1177
5493,4,4,4,1,4,1177
5494,5,4,4,0,4,1178
5495,5,3,4,1,4,1178
5496,5,3,4,1,4,1178
5497,5,3,3,2,3,1179
5498,4,4,3,2,3,1179
5499,5,4,2,3,3,1179
5500,4,4,3,3,2,1180
5501,5,4,3,3,2,1180
5502,5,3,3,4,2,1180
5503,5,3,3,4,1,1181
5504,5,3,3,3,2,1181
5505,4,3,4,3,2,1181
5506,5,3,4,3,2,1181
5507,4,4,3,4,1,1182
5508,5,4,3,3,2,1182
5509,5,4,2,4,1,1183
5510,4,5,2,4,1,1183
5511,5,4,2,4,2,1183
5512,5,4,2,4,2,1183
5513,5,4,2,4,1,1184
5514,5,3,3,4,1,1184
5515,5,3,3,4,1,1184
5516,5,3,3,4,1,1184
5517,4,4,3,3,2,1184
5518,5,4,2,4,2,1184
5519,5,3,3,4,2,1184
5520,5,3,3,3,3,1184
5521,5,3,2,4,3,1184
5522,5,3,2,4,3,1184
5523,5,3,1,4,4,1184
5524,5,3,1,4,3,1185
5525,5,3,1,3,4,1185
5526,4,4,1,3,4,1185
5527,5,3,2,3,4,1185
5528,5,3,2,3,3,1186
5529,4,4,2,3,3,1186
5530,5,4,1,3,4,1186
5531,5,4,1,3,3,1187
5532,5,4,1,3,3,1187
5533,4,5,1,3,3,1187
5534,5,4,2,3,3,1187
5535,5,4,2,3,3,1187
5536,5,3,2,3,4,1187
5537,4,4,2,3,4,1187
5538,5,4,2,3,3,1188
5539,5,3,2,3,4,1188
5540,4,4,2,3,4,1188
5541,5,4,2,3,4,1188
5542,5,4,2,3,4,1188
5543,5,3,3,2,4,1189
5544,5,3,2,3,4,1189
5545,5,3,2,3,4,1189
5546,4,4,2,3,3,1190
5547,5,3,3,3,3,1190
5548,5,3,3,3,3,1190
5549,5,3,2,4,3,1190
5550,4,4,2,4,3,1190
5551,5,4,1,5,3,1190
5552,4,4,2,4,3,1191
5553,5,4,2,4,3,1191
5554,5,3,3,4,2,1192
5555,5,3,3,3,3,1192
5556,5,3,3,3,3,1192
5557,4,3,4,3,3,1192
5558,5,3,4,3,2,1193
5559,5,3,3,3,3,1193
5560,5,2,4,3,2,1194
5561,4,3,4,3,2,1194
5562,5,3,4,3,2,1194
5563,5,2,4,3,3,1194
5564,4,3,4,3,2,1195
5565,5,2,5,3,2,1195
5566,5,2,5,2,3,1195
5567,5,2,4,3,3,1195
5568,5,2,4,3,2,1196
5569,4,3,4,3,2,1196
5570,5,2,5,3,2,1196
5571,5,2,4,4,1,1197
5572,4,3,4,4,1,1197
5573,5,2,5,4,1,1197
5574,5,2,5,3,2,1197
5575,5,2,4,4,2,1197
5576,4,3,4,4,2,1197
5577,5,3,3,4,3,1197
5578,5,3,3,4,3,1197
5579,4,4,3,4,2,1198
5580,5,4,3,4,2,1198
5581,4,5,3,4,1,1199
5582,5,4,4,3,2,1199
5583,5,4,3,4,2,1199
5584,5,4,3,4,2,1199
5585,4,5,2,5,1,1200
5586,5,5,2,4,2,1200
5587,5,5,1,5,1,1201
5588,5,5,1,4,2,1201
5589,4,5,2,4,2,1201
5590,5,5,2,4,2,1201
5591,5,5,2,4,2,1201
5592,5,5,1,5,1,1202
5593,5,4,2,4,2,1202
5594,5,4,2,4,1,1203
5595,5,4,1,5,1,1203
5596,5,4,1,5,1,1203
5597,5,3,2,5,1,1203
5598,4,4,2,5,1,1203
5599,5,4,2,4,2,1203
5600,5,4,1,5,1,1204
5601,4,5,1,5,1,1204
5602,5,5,1,4,2,1204
5603,5,4,2,4,2,1204
5604,5,4,2,4,1,1205
5605,5,4,1,5,1,1205
5606,5,3,2,5,1,1205
5607,5,3,2,5,1,1205
5608,5,3,1,5,2,1205
5609,5,2,2,5,1,1206
5610,5,2,2,5,1,1206
5611,5,1,3,5,0,1207
5612,4,2,3,5,0,1207
5613,5,2,3,5,0,1207
5614,5,2,2,5,1,1207
5615,4,3,2,5,1,1207
5616,5,2,3,5,1,1207
5617,5,2,3,5,0,1208
5618,5,2,2,5,1,1208
5619,4,3,2,5,1,1208
5620,5,3,2,5,1,1208
5621,5,3,2,5,0,1209
5622,5,3,2,5,0,1209
5623,4,4,2,4,1,1209
5624,5,3,2,5,1,1209
5625,4,4,2,5,1,1209
5626,5,4,2,5,0,1210
5627,5,4,2,5,0,1210
5628,4,5,2,5,0,1210
5629,5,5,2,5,0,1211
5630,5,5,2,5,0,1211
5631,5,5,2,5,0,1211
5632,5,5,2,5,0,1211
5633,4,5,2,5,0,1211
5634,5,5,2,5,0,1211
5635,5,5,2,5,0,1211
5636,5,5,2,5,0,1211
5637,5,5,1,5,1,1211
5638,5,5,1,5,1,1211
5639,5,5,1,5,0,1212
5640,5,5,1,4,1,1212
5641,4,5,2,4,1,1212
5642,5,5,2,3,2,1212
5643,5,5,2,3,2,1212
5644,4,5,2,4,2,1212
5645,5,5,2,3,2,1213
5646,5,5,2,3,2,1213
5647,5,5,1,3,3,1213
5648,5,5,1,3,3,1213
5649,5,5,1,3,3,1213
5650,4,5,2,3,2,1214
5651,5,5,2,2,3,1214
5652,5,5,2,2,2,1215
5653,5,5,1,3,2,1215
5654,5,4,2,3,2,1215
5655,5,4,2,2,2,1216
5656,5,4,2,2,2,1216
5657,5,4,1,3,2,1216
5658,4,5,1,3,2,1216
5659,5,5,1,2,3,1216
5660,5,4,2,2,2,1217
5661,5,4,2,2,2,1217
5662,5,4,2,2,1,1218
5663,5,4,1,3,1,1218
5664,4,5,1,3,1,1218
5665,5,5,1,2,1,1219
5666,5,4,2,2,1,1219
5667,5,4,2,2,1,1219
5668,5,4,2,1,1,1220
5669,4,4,2,2,1,1220
5670,5,4,2,1,2,1220
5671,5,4,2,1,1,1221
5672,5,4,1,2,1,1221
5673,5,3,2,1,2,1221
5674,4,4,2,1,2,1221
5675,5,4,2,0,2,1222
5676,5,3,3,0,2,1222
5677,4,4,3,0,2,1222
5678,5,4,2,0,2,1223
5679,5,4,2,0,2,1223
5680,5,4,2,0,2,1223
5681,4,5,1,0,3,1223
5682,5,5,1,0,2,1224
5683,5,4,1,1,2,1224
5684,4,5,1,0,3,1224
5685,5,5,1,0,3,1224
5686,5,5,1,0,3,1224
5687,5,5,0,1,3,1224
5688,5,4,1,1,3,1224
5689,5,4,1,0,4,1224
5690,5,4,0,1,4,1224
5691,5,4,0,1,3,1225
5692,5,3,1,1,3,1225
5693,5,3,0,1,4,1225
5694,5,3,0,1,4,1225
5695,5,3,0,2,4,1225
5696,4,3,0,2,3,1226
5697,5,3,0,1,4,1226
5698,4,4,0,1,4,1226
5699,5,3,0,2,4,1226
5700,5,3,0,2,4,1226
5701,4,4,0,2,4,1226
5702,5,3,0,3,3,1227
5703,5,3,0,2,4,1227
5704,5,3,0,2,3,1228
5705,5,2,1,2,3,1228
5706,5,2,1,2,3,1228
5707,5,2,0,2,4,1228
5708,5,2,0,2,4,1228
5709,4,3,0,2,4,1228
5710,5,2,0,3,4,1228
5711,5,2,0,3,4,1228
5712,5,2,0,3,4,1228
5713,5,2,0,4,4,1228
5714,5,1,0,4,3,1229
5715,5,1,0,4,3,1229
5716,4,1,1,3,4,1229
5717,5,1,1,3,3,1230
5718,5,1,1,3,3,1230
5719,5,0,1,4,3,1230
5720,4,1,1,4,3,1230
5721,5,1,1,4,3,1230
5722,5,0,2,4,3,1230
5723,4,1,2,4,3,1230
5724,5,1,1,4,3,1231
5725,4,2,1,4,3,1231
5726,5,2,1,4,2,1232
5727,5,1,2,3,3,1232
5728,5,1,1,4,3,1232
5729,4,2,1,4,3,1232
5730,5,1,1,5,3,1232
5731,5,1,1,5,3,1232
5732,5,0,2,5,3,1232
5733,5,0,2,4,3,1233
5734,5,0,2,4,3,1233
5735,5,0,2,3,4,1233
5736,5,0,3,3,4,1233
5737,4,0,2,3,5,1233
5738,5,0,2,3,4,1234
5739,4,1,1,4,4,1234
5740,5,1,1,3,5,1234
5741,5,1,1,3,5,1234
5742,4,2,1,3,5,1234
5743,5,1,1,4,4,1235
5744,5,1,1,4,4,1235
5745,5,1,1,4,4,1235
5746,5,1,0,5,3,1236
5747,5,1,0,4,4,1236
5748,4,2,0,4,4,1236
5749,5,1,1,4,3,1237
5750,5,1,0,5,3,1237
5751,5,1,0,4,4,1237
5752,5,1,0,4,3,1238
5753,4,2,0,4,3,1238
5754,5,1,0,4,3,1239
5755,5,1,0,4,3,1239
5756,5,1,0,4,3,1239
5757,5,0,1,4,3,1239
5758,4,1,0,5,2,1240
5759,5,1,0,4,3,1240
5760,4,1,0,5,2,1241
5761,5,1,0,5,2,1241
5762,5,1,0,5,2,1241
5763,4,2,0,4,2,1242
5764,5,2,0,5,2,1242
5765,5,2,0,5,2,1242
5766,5,2,0,4,2,1243
5767,4,2,0,4,2,1243
5768,5,2,0,4,2,1243
5769,5,2,0,4,1,1244
5770,5,1,1,3,2,1244
5771,5,1,1,3,1,1245
5772,5,1,1,3,1,1245
5773,5,0,2,3,1,1245
5774,4,1,2,3,0,1246
5775,5,1,2,3,0,1246
5776,5,1,2,3,0,1246
5777,5,0,2,4,0,1246
5778,5,0,2,4,0,1246
5779,5,0,1,5,0,1247
5780,5,0,2,5,0,1247
5781,4,0,2,4,0,1247
5782,5,0,2,4,0,1247
5783,4,1,2,4,0,1247
5784,5,0,3,4,0,1247
5785,5,0,2,4,1,1247
5786,5,0,2,4,0,1248
5787,4,1,1,5,0,1248
5788,5,0,2,4,1,1248
5789,5,0,2,4,1,1248
5790,5,0,1,5,1,1248
5791,5,0,1,5,1,1248
5792,5,0,2,4,2,1248
5793,5,0,1,5,2,1248
5794,5,0,1,5,2,1248
5795,4,0,1,4,3,1248
5796,5,0,1,4,3,1248
5797,5,0,2,4,2,1249
5798,5,0,1,4,3,1249
5799,5,0,1,4,3,1249
5800,5,0,1,4,2,1250
5801,4,0,1,3,3,1250
5802,5,0,0,4,3,1250
5803,4,1,0,4,3,1250
5804,5,1,0,4,3,1250
5805,5,1,0,4,4,1250
5806,5,0,0,4,4,1250
5807,5,0,0,4,4,1250
5808,5,0,0,4,3,1251
5809,4,1,0,3,4,1251
5810,5,0,0,4,4,1251
5811,5,0,0,3,4,1252
5812,5,0,0,3,4,1252
5813,4,1,0,4,4,1252
5814,5,1,0,4,4,1252
5815,5,0,0,4,3,1253
5816,4,1,0,4,3,1253
5817,5,1,0,4,3,1253
5818,5,1,0,4,3,1253
5819,4,2,0,5,3,1253
5820,5,2,0,5,3,1253
5821,5,2,0,4,3,1254
5822,5,2,0,4,3,1254
5823,4,3,0,4,3,1254
5824,5,3,0,3,4,1254
5825,5,3,0,3,4,1254
5826,4,4,0,3,4,1254
5827,5,3,0,2,5,1254
5828,4,4,0,2,5,1254
5829,5,4,0,2,5,1254
5830,4,5,0,3,4,1255
5831,5,5,0,3,4,1255
5832,5,4,0,3,4,1255
5833,5,4,0,3,4,1255
5834,5,4,0,3,4,1255
5835,5,3,0,4,3,1256
5836,4,4,0,4,3,1256
5837,5,4,0,4,2,1257
5838,4,4,0,5,2,1257
5839,5,4,0,4,3,1257
5840,5,4,0,5,2,1258
5841,5,4,0,5,2,1258
5842,4,4,0,5,2,1258
5843,5,4,0,5,1,1259
5844,5,4,0,5,2,1259
5845,4,5,0,5,2,1259
5846,5,5,0,5,2,1259
5847,5,5,0,5,2,1259
5848,5,5,0,4,3,1259
5849,5,5,0,4,3,1259
5850,5,5,0,3,3,1260
5851,5,5,0,3,3,1260
5852,5,5,0,3,2,1261
5853,5,5,0,2,3,1261
5854,5,5,0,2,3,1261
5855,5,5,0,2,2,1262
5856,5,5,0,1,3,1262
5857,4,5,0,1,3,1262
5858,5,5,0,1,3,1262
5859,5,5,0,1,3,1262
5860,4,5,1,1,3,1262
5861,5,5,0,2,2,1263
5862,5,5,0,2,2,1263
5863,5,4,1,1,3,1263
5864,5,4,1,1,2,1264
5865,5,4,1,1,2,1264
5866,5,3,2,1,2,1264
5867,5,3,2,0,3,1264
5868,4,4,2,0,3,1264
5869,5,4,2,0,3,1264
5870,4,5,1,1,2,1265
5871,5,4,2,1,2,1265
5872,5,4,2,1,2,1265
5873,5,4,1,1,2,1266
5874,4,4,2,1,2,1266
5875,5,4,1,2,2,1266
5876,5,4,1,1,3,1266
5877,5,4,1,1,2,1267
5878,5,4,1,1,2,1267
5879,5,4,0,2,2,1267
5880,4,5,0,1,3,1267
5881,5,4,0,2,3,1267
5882,4,5,0,2,3,1267
5883,5,5,0,2,3,1267
5884,5,5,0,3,2,1268
5885,5,4,0,3,2,1268
5886,5,4,0,3,2,1268
5887,4,5,0,3,1,1269
5888,5,5,0,4,1,1269
5889,5,4,0,4,0,1270
5890,5,4,0,4,0,1270
5891,5,4,0,5,0,1271
5892,5,4,0,5,0,1271
5893,5,4,0,5,0,1271
5894,5,4,0,5,0,1271
5895,4,5,0,5,0,1271
5896,5,5,0,5,0,1271
5897,5,5,0,5,0,1271
5898,5,4,0,5,0,1271
5899,4,5,0,4,0,1271
5900,5,5,0,5,0,1271
5901,5,5,0,5,0,1271
5902,5,5,0,4,0,1272
5903,4,5,0,4,0,1272
5904,5,5,0,4,0,1272
5905,5,5,0,3,1,1272
5906,5,5,0,3,0,1273
5907,4,5,0,4,0,1273
5908,5,5,0,4,0,1274
5909,5,4,1,3,0,1274
5910,4,5,0,4,0,1274
5911,5,5,0,4,0,1274
5912,5,5,0,4,0,1274
5913,5,5,0,4,0,1275
5914,5,4,1,3,0,1275
5915,5,4,1,3,0,1275
5916,5,4,0,4,0,1275
5917,5,4,0,4,0,1276
5918,5,3,1,3,0,1276
5919,5,3,1,3,0,1276
5920,5,3,1,2,1,1276
5921,4,4,0,3,0,1277
5922,5,4,0,3,0,1277
5923,5,3,0,4,0,1278
5924,5,3,0,4,0,1278
5925,5,3,0,4,0,1278
5926,5,3,0,4,0,1278
5927,4,4,0,4,0,1278
5928,5,4,0,4,0,1278
5929,5,3,0,4,0,1279
5930,5,3,0,4,0,1279
5931,5,3,0,4,0,1279
5932,4,3,0,4,0,1279
5933,5,3,0,4,0,1279
5934,5,3,0,4,0,1279
5935,5,2,0,5,0,1279
5936,4,3,0,5,0,1280
5937,5,2,1,5,0,1280
5938,5,2,0,5,0,1280
5939,5,2,0,5,0,1280
5940,5,1,1,5,0,1280
5941,4,2,1,5,0,1280
5942,5,2,0,5,1,1280
5943,5,1,1,5,0,1281
5944,5,1,1,5,0,1281
5945,4,2,1,5,0,1281
5946,5,2,1,5,0,1282
5947,5,1,2,5,0,1282
5948,5,1,2,5,0,1282
5949,4,2,2,5,0,1282
5950,5,2,2,5,0,1282
5951,5,2,1,5,0,1282
5952,5,2,1,5,0,1282
5953,5,1,2,5,0,1282
5954,4,2,2,5,0,1282
5955,5,2,2,4,0,1283
5956,5,2,2,4,0,1283
5957,5,1,3,4,0,1283
5958,4,2,2,5,0,1284
5959,5,2,2,5,0,1284
5960,4,3,2,4,0,1284
5961,5,3,2,4,0,1284
5962,5,3,1,5,0,1285
5963,5,3,1,5,0,1285
5964,5,3,1,4,0,1285
5965,5,3,0,5,0,1285
5966,5,3,0,5,0,1286
5967,5,3,0,5,0,1286
5968,4,4,0,5,0,1286
5969,5,3,1,5,0,1286
5970,5,3,0,5,0,1286
5971,5,3,0,5,0,1286
5972,4,3,1,5,0,1286
5973,5,3,0,5,0,1287
5974,4,4,0,5,0,1287
5975,5,4,0,5,0,1287
5976,4,5,0,5,0,1287
5977,5,5,0,5,0,1287
5978,5,4,0,5,1,1287
5979,4,5,0,5,1,1287
5980,5,5,0,5,0,1288
5981,5,5,0,5,1,1288
5982,5,5,0,5,1,1288
5983,5,5,0,4,2,1288
5984,5,5,0,4,2,1288
5985,5,5,0,4,2,1288
5986,5,5,0,3,2,1289
5987,4,5,0,3,2,1289
5988,5,5,0,3,2,1289
5989,5,5,0,3,2,1289
5990,4,5,0,4,2,1289
5991,5,5,0,3,3,1289
5992,5,5,0,3,2,1290
5993,5,5,0,3,2,1290
5994,5,5,0,3,1,1291
5995,5,5,0,2,2,1291
5996,5,5,0,2,2,1291
5997,5,5,0,3,2,1291
5998,5,5,0,3,2,1291
5999,4,5,0,3,1,1292
6000,5,5,0,2,2,1292
6001,5,5,0,2,2,1292
6002,5,5,0,2,2,1292
6003,5,4,1,1,3,1292
6004,5,4,0,2,3,1292
6005,5,4,0,2,2,1293
6006,5,4,0,1,3,1293
6007,4,5,0,1,3,1293
6008,5,5,0,1,3,1293
6009,5,5,0,1,3,1293
6010,5,5,0,1,3,1294
6011,5,5,0,1,3,1294
6012,5,5,0,1,3,1294
6013,4,5,0,0,3,1295
6014,5,5,0,0,3,1295
6015,5,5,0,0,3,1295
6016,5,5,0,1,2,1296
6017,5,5,0,1,2,1296
6018,5,5,0,1,1,1297
6019,5,5,0,0,2,1297
6020,5,5,0,0,2,1297
6021,4,5,0,0,1,1298
6022,5,5,0,0,2,1298
6023,5,4,1,0,2,1298
6024,5,4,1,0,2,1298
6025,4,5,0,0,2,1298
6026,5,5,0,0,1,1299
6027,5,5,0,0,1,1299
6028,5,5,0,0,1,1299
6029,5,5,0,0,0,1300
6030,5,5,0,0,0,1300
6031,5,5,0,0,1,1300
6032,4,5,1,0,0,1301
6033,5,5,1,0,0,1301
6034,5,5,0,0,0,1301
6035,5,5,0,0,0,1302
6036,5,5,0,0,0,1302
6037,5,5,0,0,0,1302
6038,5,5,0,0,0,1302
6039,5,5,0,0,0,1302
6040,4,5,0,0,0,1303
6041,5,5,0,0,0,1303
6042,5,5,0,0,0,1303
6043,5,5,0,0,0,1303
6044,5,5,0,0,0,1303
6045,5,5,0,0,0,1304
6046,4,5,0,0,0,1304
6047,5,5,0,0,0,1304
6048,5,5,0,0,0,1304
6049,4,5,0,0,0,1305
6050,5,5,0,0,0,1305
6051,5,5,0,0,0,1305
6052,5,5,0,1,0,1305
6053,4,5,0,0,0,1305
6054,5,5,0,0,0,1305
6055,5,5,0,0,0,1305
6056,5,5,0,0,0,1306
6057,5,5,0,0,0,1306
6058,5,5,0,0,0,1306
6059,4,5,1,0,0,1306
6060,5,5,1,0,0,1306
6061,5,4,2,0,0,1306
6062,4,5,2,0,0,1306
6063,5,5,2,0,0,1307
6064,5,4,3,0,0,1307
6065,5,4,3,0,0,1307
6066,5,4,3,0,0,1307
6067,5,4,3,0,0,1307
6068,5,3,4,0,0,1307
6069,5,3,3,0,0,1307
6070,5,3,3,0,0,1307
6071,5,3,3,0,0,1307
6072,5,3,3,0,0,1307
6073,4,4,3,0,0,1307
6074,5,4,3,0,0,1307
6075,5,4,3,0,0,1307
6076,4,4,4,0,0,1307
6077,5,4,3,0,0,1308
6078,5,4,3,0,0,1308
6079,5,4,2,1,0,1308
6080,5,4,2,1,0,1308
6081,4,5,2,1,0,1308
6082,5,4,2,1,0,1308
6083,5,4,2,1,0,1308
6084,5,3,3,1,0,1308
6085,5,3,3,1,0,1309
6086,5,3,3,1,0,1309
6087,5,2,4,1,0,1309
6088,4,3,3,2,0,1309
6089,5,3,3,2,0,1309
6090,5,3,3,2,0,1309
6091,4,4,3,1,0,1309
6092,5,3,4,1,0,1309
6093,4,4,3,2,0,1309
6094,5,4,3,2,0,1310
6095,5,3,4,1,0,1310
6096,5,3,3,2,0,1310
6097,4,4,3,2,0,1310
6098,5,4,3,1,0,1311
6099,5,3,4,1,0,1311
6100,4,4,3,2,0,1311
6101,5,4,3,1,0,1312
6102,5,3,4,1,0,1312
6103,4,4,4,1,0,1312
6104,5,4,4,0,0,1313
6105,5,4,4,0,0,1313
6106,5,3,4,1,0,1313
6107,5,3,4,0,0,1314
6108,5,3,3,1,0,1314
6109,5,2,4,1,0,1314
6110,4,3,4,1,0,1315
6111,5,3,3,1,0,1315
6112,5,3,3,1,0,1315
6113,5,3,3,1,0,1315
6114,5,3,3,1,0,1316
6115,5,3,3,0,0,1316
6116,5,3,2,1,0,1316
6117,5,2,3,1,0,1316
6118,4,3,2,1,1,1316
6119,5,3,2,1,1,1316
6120,5,2,3,0,2,1316
6121,5,2,3,0,2,1316
6122,5,1,3,1,2,1316
6123,5,1,3,1,2,1316
6124,5,1,3,1,2,1316
6125,5,1,2,1,2,1317
6126,4,2,2,1,2,1317
6127,5,1,3,1,1,1318
6128,4,2,2,1,2,1318
6129,5,2,2,1,2,1318
6130,5,1,3,1,2,1318
6131,4,2,3,1,2,1318
6132,5,2,2,1,3,1318
6133,5,2,2,1,3,1318
6134,4,3,2,0,4,1318
6135,5,3,1,1,3,1319
6136,5,3,1,0,4,1319
6137,4,4,1,0,4,1319
6138,5,3,2,0,4,1319
6139,5,3,1,0,5,1319
6140,5,3,1,0,5,1319
6141,4,4,1,0,5,1319
6142,5,4,1,0,4,1320
6143,5,3,2,0,4,1320
6144,5,3,2,0,3,1321
6145,5,2,3,0,3,1321
6146,4,3,3,0,4,1321
6147,5,3,3,0,4,1321
6148,5,3,2,0,4,1321
6149,5,3,2,0,3,1322
6150,5,3,2,0,3,1322
6151,4,4,2,0,3,1322
6152,5,4,1,1,2,1323
6153,4,5,1,1,2,1323
6154,5,4,2,1,2,1323
6155,5,4,2,1,2,1323
6156,5,4,2,1,2,1323
6157,5,4,1,2,2,1323
6158,5,4,1,1,3,1323
6159,5,3,2,1,3,1323
6160,4,4,2,1,3,1323
6161,5,3,3,1,3,1323
6162,4,4,3,1,3,1323
6163,5,4,3,1,3,1323
6164,5,4,3,1,3,1323
6165,5,4,2,2,3,1323
6166,5,4,2,2,3,1323
6167,5,3,3,2,3,1323
6168,5,3,3,1,4,1323
6169,5,3,3,1,3,1324
6170,5,2,4,1,3,1324
6171,4,3,3,2,3,1324
6172,5,3,3,1,3,1325
6173,5,3,3,1,3,1325
6174,4,4,3,1,3,1325
6175,5,4,3,0,3,1326
6176,5,3,3,1,3,1326
6177,5,3,3,1,3,1326
6178,4,4,2,2,2,1327
6179,5,4,2,1,3,1327
6180,4,4,3,1,3,1327
6181,5,4,2,2,3,1327
6182,5,4,2,2,2,1328
6183,5,3,2,3,2,1328
6184,4,4,2,2,2,1329
6185,5,4,2,2,2,1329
6186,5,4,2,2,2,1329
6187,5,3,3,1,3,1329
6188,5,3,2,2,2,1330
6189,5,3,2,2,2,1330
6190,4,3,2,3,2,1330
6191,5,3,2,3,1,1331
6192,5,3,2,3,1,1331
6193,5,3,2,3,0,1332
6194,5,3,2,3,0,1332
6195,5,3,2,2,0,1333
6196,5,3,1,3,0,1333
6197,5,2,2,3,0,1334
6198,5,2,2,3,0,1334
6199,5,2,2,3,0,1334
6200,5,2,1,4,0,1334
6201,5,2,1,4,0,1334
6202,5,1,2,3,0,1334
6203,5,1,2,3,0,1334
6204,4,2,2,3,0,1334
6205,5,2,2,2,0,1335
6206,4,3,2,2,0,1335
6207,5,2,2,3,0,1335
6208,5,2,2,2,1,1335
6209,4,3,2,2,1,1335
6210,5,3,2,1,2,1335
6211,5,2,3,1,1,1336
6212,4,3,3,1,1,1336
6213,5,3,2,1,2,1336
6214,5,2,3,1,2,1336
6215,4,3,2,2,2,1336
6216,5,3,2,2,2,1336
6217,4,4,1,2,2,1337
6218,5,4,1,2,2,1337
6219,5,3,2,1,3,1337
6220,5,3,2,1,3,1337
6221,4,3,3,1,3,1337
6222,5,3,3,0,4,1337
6223,5,3,3,0,4,1337
6224,5,3,2,1,4,1337
6225,5,2,3,0,4,1338
6226,5,2,2,1,4,1338
6227,5,2,2,1,4,1338
6228,5,1,3,0,4,1339
6229,5,1,2,1,4,1339
6230,4,2,2,1,4,1339
6231,5,2,2,1,3,1340
6232,4,3,1,1,4,1340
6233,5,3,1,1,4,1340
6234,5,3,1,1,4,1340
6235,5,3,1,0,4,1341
6236,4,4,0,1,4,1341
6237,5,4,0,1,3,1342
6238,5,3,0,1,4,1342
6239,4,4,0,1,4,1342
6240,5,4,0,1,4,1342
6241,5,4,0,2,4,1342
6242,4,5,0,2,3,1343
6243,5,5,0,1,4,1343
6244,4,5,0,1,4,1343
6245,5,5,0,1,4,1343
6246,5,5,0,2,4,1343
6247,5,4,0,2,4,1343
6248,4,5,0,1,4,1344
6249,5,5,0,1,4,1344
6250,5,5,0,1,4,1344
6251,5,4,0,1,4,1345
6252,5,4,0,1,4,1345
6253,5,4,0,1,4,1345
6254,5,4,0,2,4,1345
6255,4,5,0,2,4,1345
6256,5,4,0,1,5,1345
6257,5,4,0,1,5,1345
6258,5,4,0,1,5,1345
6259,5,3,1,1,4,1346
6260,4,4,0,2,4,1346
6261,5,4,0,1,4,1347
6262,4,5,0,1,4,1347
6263,5,4,1,1,4,1347
6264,4,5,0,1,5,1347
6265,5,5,0,1,4,1348
6266,5,5,0,2,4,1348
6267,5,5,0,2,4,1348
6268,5,4,0,2,4,1348
6269,4,5,0,2,4,1348
6270,5,4,1,1,4,1349
6271,5,4,0,2,4,1349
6272,5,4,0,2,4,1349
6273,5,4,0,2,3,1350
6274,4,5,0,2,4,1350
6275,5,4,0,2,4,1350
6276,5,4,0,2,3,1351
6277,5,4,0,1,4,1351
6278,4,5,0,1,4,1351
6279,5,5,0,1,3,1352
6280,5,5,0,1,3,1352
6281,4,5,0,1,4,1352
6282,5,5,0,1,3,1353
6283,5,5,0,2,3,1353
6284,5,4,0,2,3,1353
6285,5,4,0,2,2,1354
6286,4,5,0,1,3,1354
6287,5,5,0,2,2,1355
6288,5,4,0,2,2,1355
6289,5,4,0,2,2,1355
6290,5,4,0,3,2,1355
6291,5,3,0,3,1,1356
6292,4,4,0,2,2,1356
6293,5,4,0,2,2,1356
6294,5,4,0,3,1,1357
6295,4,4,0,2,2,1357
6296,5,4,0,2,2,1357
6297,5,4,0,2,2,1357
6298,4,5,0,2,2,1357
6299,5,4,0,3,2,1357
6300,5,4,0,3,1,1358
6301,4,5,0,3,2,1358
6302,5,5,0,3,2,1358
6303,5,5,0,3,1,1359
6304,5,4,0,3,1,1359
6305,4,5,0,3,0,1360
6306,5,5,0,3,0,1360
6307,5,5,0,3,1,1360
6308,4,5,0,3,0,1361
6309,5,5,0,3,0,1361
6310,5,4,0,3,0,1362
6311,5,4,0,3,0,1362
6312,4,5,0,3,0,1362
6313,5,5,0,3,0,1362
6314,4,5,1,2,1,1362
6315,5,5,1,2,1,1362
6316,5,5,1,2,1,1362
6317,5,5,0,2,2,1362
6318,5,5,0,2,1,1363
6319,4,5,1,2,1,1363
6320,5,5,1,2,1,1363
6321,5,5,0,3,0,1364
6322,5,5,0,2,1,1364
6323,5,4,1,2,1,1364
6324,5,4,0,3,0,1365
6325,5,4,0,3,0,1365
6326,5,3,0,3,1,1365
6327,4,4,0,3,0,1366
6328,5,4,0,3,0,1366
6329,5,3,1,2,0,1367
6330,5,3,0,3,0,1367
6331,4,3,1,3,0,1367
6332,5,3,1,3,0,1368
6333,4,4,0,4,0,1368
6334,5,3,1,4,0,1368
6335,5,3,0,4,0,1368
6336,5,3,0,4,0,1368
6337,5,3,0,4,0,1368
6338,5,2,1,4,0,1369
6339,5,2,0,4,0,1369
6340,4,3,0,4,0,1369
6341,5,3,0,4,0,1370
6342,5,3,0,3,0,1370
6343,5,3,0,4,0,1370
6344,5,3,0,3,0,1371
6345,4,4,0,3,0,1371
6346,5,4,0,3,0,1372
6347,5,4,0,3,0,1372
6348,4,5,0,3,0,1372
6349,5,4,0,2,0,1372
6350,5,4,0,2,0,1372
6351,4,5,0,1,1,1372
6352,5,5,0,1,0,1373
6353,5,5,0,1,0,1373
6354,5,5,0,2,0,1373
6355,5,5,0,2,0,1374
6356,4,5,0,2,0,1374
6357,5,5,0,1,0,1374
6358,5,4,0,2,0,1374
6359,5,4,0,2,0,1374
6360,5,4,0,1,1,1374
6361,4,4,1,1,0,1375
6362,5,4,1,1,0,1375
6363,5,4,0,2,0,1375
6364,5,4,0,2,0,1376
6365,4,5,0,3,0,1376
6366,5,5,0,3,0,1376
6367,5,5,0,3,0,1376
6368,5,5,0,3,0,1376
6369,5,5,0,3,0,1376
6370,4,5,0,2,0,1376
6371,5,5,0,2,0,1376
6372,5,5,0,2,0,1376
6373,4,5,1,1,1,1376
6374,5,5,1,1,0,1377
6375,5,4,2,1,0,1377
6376,4,5,1,2,0,1377
6377,5,5,1,2,0,1377
6378,5,5,0,3,0,1378
6379,5,5,0,3,0,1378
6380,5,5,0,3,0,1378
6381,5,5,0,4,0,1378
6382,4,5,0,3,0,1378
6383,5,5,0,3,0,1378
6384,5,5,0,3,0,1378
6385,5,5,0,2,0,1379
6386,5,5,0,2,0,1379
6387,5,5,0,3,0,1379
6388,5,5,0,2,0,1380
6389,4,5,0,2,0,1380
6390,5,5,0,2,0,1381
6391,5,5,0,2,0,1381
6392,5,5,0,2,0,1381
6393,5,4,0,3,0,1381
6394,5,4,0,3,0,1381
6395,5,4,0,2,0,1381
6396,4,4,1,2,0,1381
6397,5,4,1,2,0,1381
6398,4,5,1,2,0,1381
6399,5,5,0,2,1,1381
6400,5,4,1,2,0,1382
6401,5,4,0,3,0,1382
6402,5,4,0,3,0,1382
6403,4,5,0,3,0,1382
6404,5,4,0,4,0,1382
6405,5,4,0,3,1,1382
6406,5,4,0,3,1,1382
6407,5,3,1,3,1,1382
6408,5,3,1,3,0,1383
6409,5,3,1,2,1,1383
6410,5,3,0,3,1,1383
6411,5,3,0,3,1,1383
6412,5,2,0,3,2,1383
6413,4,3,0,3,2,1383
6414,5,3,0,3,1,1384
6415,5,3,0,2,2,1384
6416,4,3,1,2,2,1384
6417,5,3,1,1,2,1385
6418,4,3,2,1,2,1385
6419,5,3,1,2,2,1385
6420,5,3,1,2,1,1386
6421,5,3,1,2,1,1386
6422,5,3,1,1,2,1386
6423,4,4,1,1,2,1386
6424,5,3,1,2,1,1387
6425,5,3,1,2,1,1387
6426,4,3,1,3,1,1387
6427,5,3,1,3,1,1387
6428,5,3,1,3,1,1387
6429,4,4,1,3,0,1388
6430,5,4,0,3,1,1388
6431,5,4,0,3,0,1389
6432,5,3,1,3,0,1389
6433,5,3,0,3,1,1389
6434,5,3,0,3,1,1389
6435,5,3,0,3,1,1389
6436,5,2,1,3,1,1389
6437,5,2,1,3,0,1390
6438,5,2,0,3,1,1390
6439,5,2,0,3,1,1390
6440,4,2,0,4,1,1390
6441,5,2,0,4,0,1391
6442,5,2,0,4,0,1391
6443,5,1,1,4,0,1391
6444,4,2,1,4,0,1392
6445,5,2,1,3,0,1392
6446,5,1,1,4,0,1392
6447,5,1,1,3,1,1392
6448,5,1,1,3,0,1393
6449,4,2,1,3,0,1393
6450,5,2,1,3,0,1394
6451,4,2,2,2,0,1394
6452,5,2,1,3,0,1394
6453,5,2,1,2,1,1394
6454,5,2,1,2,0,1395
6455,4,2,1,3,0,1395
6456,5,2,1,3,0,1396
6457,5,2,1,3,0,1396
6458,5,1,2,3,0,1396
6459,5,1,2,3,0,1396
6460,5,1,2,3,0,1396
6461,5,0,3,3,0,1396
6462,5,0,2,3,0,1396
6463,4,1,2,3,0,1396
6464,5,0,3,3,0,1397
6465,5,0,3,2,0,1397
6466,5,0,3,2,0,1397
6467,4,0,3,2,1,1397
6468,5,0,3,2,0,1398
6469,5,0,2,3,0,1398
6470,5,0,3,3,0,1398
6471,4,0,3,3,0,1398
6472,5,0,3,3,0,1398
6473,5,0,2,4,0,1398
6474,4,1,2,4,0,1399
6475,5,1,2,4,0,1399
6476,5,0,3,4,0,1399
6477,5,0,3,3,0,1399
6478,5,0,3,3,0,1399
6479,5,0,3,3,0,1399
6480,5,0,3,3,0,1399
6481,4,1,3,3,0,1399
6482,5,1,3,3,0,1399
6483,5,0,3,4,0,1399
6484,5,0,3,4,0,1400
6485,4,1,3,3,0,1400
6486,5,1,3,3,0,1400
6487,5,1,2,4,0,1401
6488,4,1,3,3,0,1401
6489,5,1,3,3,0,1401
6490,5,1,3,3,0,1401
6491,5,0,4,2,1,1401
6492,4,1,4,2,0,1402
6493,5,0,5,1,1,1402
6494,5,0,5,1,1,1402
6495,4,1,5,1,0,1403
6496,5,1,4,1,1,1403
6497,5,0,5,1,0,1404
6498,4,1,5,1,0,1404
6499,5,1,4,2,0,1404
6500,5,1,4,2,0,1404
6501,5,1,4,2,0,1404
6502,4,2,3,2,1,1404
6503,5,2,3,2,1,1404
6504,5,2,3,2,0,1405
6505,5,1,4,2,0,1405
6506,5,1,4,2,0,1405
6507,4,1,4,2,1,1405
6508,5,1,4,2,1,1405
6509,5,1,4,2,1,1405
6510,5,1,3,3,1,1405
6511,5,0,4,3,1,1405
6512,4,1,4,2,2,1405
6513,5,1,4,2,1,1406
6514,4,1,4,3,1,1406
6515,5,1,4,2,1,1407
6516,5,1,3,3,1,1407
6517,5,0,4,2,2,1407
6518,5,0,4,2,1,1408
6519,5,0,3,3,1,1408
6520,5,0,3,3,1,1408
6521,5,0,2,4,1,1408
6522,4,1,2,4,0,1409
6523,5,1,1,5,0,1409
6524,4,2,1,5,0,1409
6525,5,2,1,4,0,1410
6526,5,1,2,4,0,1410
6527,5,1,2,4,0,1410
6528,5,1,2,3,1,1410
6529,4,2,2,3,1,1410
6530,5,2,2,3,0,1411
6531,5,1,3,2,1,1411
6532,4,2,3,2,1,1411
6533,5,2,2,2,2,1411
6534,5,2,2,2,1,1412
6535,4,3,2,2,1,1412
6536,5,2,3,2,0,1413
6537,5,2,2,3,0,1413
6538,5,2,2,2,1,1413
6539,4,2,3,2,1,1413
6540,5,2,3,2,0,1414
6541,4,3,3,2,0,1414
6542,5,3,3,1,0,1415
6543,5,3,3,1,0,1415
6544,5,3,2,2,0,1415
6545,4,4,2,1,0,1416
6546,5,4,2,1,0,1416
6547,5,4,2,1,0,1417
6548,4,4,2,1,0,1417
6549,5,4,2,1,0,1417
6550,5,4,2,1,0,1418
6551,4,4,3,1,0,1418
6552,5,4,2,2,0,1418
6553,4,4,3,2,0,1418
6554,5,4,2,2,0,1418
6555,5,4,2,2,0,1418
6556,5,4,2,2,0,1418
6557,4,5,2,2,0,1419
6558,5,5,2,1,0,1419
6559,4,5,2,2,0,1419
6560,5,5,2,2,0,1419
6561,5,5,1,3,0,1419
6562,5,5,1,2,1,1419
6563,5,5,0,3,0,1420
6564,5,5,0,3,0,1420
6565,5,5,0,2,1,1420
6566,4,5,1,2,0,1421
6567,5,5,1,2,0,1421
6568,5,5,0,2,1,1421
6569,5,5,0,2,1,1421
6570,5,5,0,2,1,1421
6571,5,5,0,3,0,1422
6572,4,5,0,3,0,1422
6573,5,5,0,2,1,1422
6574,5,4,1,2,0,1423
6575,4,5,1,2,0,1423
6576,5,5,0,3,0,1423
6577,5,5,0,3,0,1424
6578,4,5,1,3,0,1424
6579,5,5,1,2,0,1424
6580,5,5,1,2,0,1424
6581,4,5,2,1,1,1424
6582,5,5,2,1,0,1425
6583,5,5,2,1,0,1425
6584,5,5,1,2,0,1425
6585,5,5,1,2,0,1425
6586,4,5,2,1,1,1425
6587,5,5,1,2,1,1425
6588,5,5,1,2,1,1425
6589,5,4,2,1,2,1425
6590,5,4,2,1,2,1425
6591,4,5,2,1,2,1425
6592,5,5,2,0,3,1425
6593,5,5,2,0,2,1426
6594,5,5,2,0,2,1426
6595,5,5,2,0,3,1426
6596,5,5,2,0,3,1426
6597,5,5,1,0,3,1426
6598,4,5,2,0,2,1427
6599,5,5,2,0,2,1427
6600,4,5,3,0,3,1427
6601,5,5,3,0,3,1427
6602,5,5,3,0,2,1428
6603,5,5,3,0,2,1428
6604,5,5,3,0,2,1428
6605,5,5,2,0,2,1428
6606,4,5,3,0,2,1428
6607,5,5,3,0,3,1428
6608,5,5,2,0,3,1428
6609,5,5,2,0,3,1428
6610,4,5,3,0,3,1428
6611,5,5,3,0,2,1429
6612,5,5,2,0,3,1429
6613,4,5,3,0,3,1429
6614,5,5,2,1,3,1429
6615,5,5,2,1,2,1430
6616,5,5,1,2,2,1430
6617,5,4,2,2,2,1430
6618,5,4,2,2,1,1431
6619,4,5,2,2,1,1431
6620,5,5,2,1,2,1431
6621,5,5,2,1,2,1431
6622,5,4,3,1,2,1431
6623,5,4,2,2,2,1431
6624,5,4,2,2,2,1431
6625,5,3,2,2,2,1432
6626,4,4,2,2,2,1432
6627,5,4,2,2,2,1432
6628,5,3,3,2,2,1432
6629,5,3,3,2,2,1432
6630,5,3,2,3,2,1432
6631,5,3,2,3,1,1433
6632,4,4,2,2,2,1433
6633,5,4,2,2,2,1433
6634,4,5,2,2,2,1433
6635,5,4,3,1,3,1433
6636,5,4,3,1,3,1433
6637,4,5,2,2,2,1434
6638,5,5,2,2,2,1434
6639,5,4,3,2,2,1434
6640,4,5,2,3,1,1435
6641,5,5,2,3,1,1435
6642,5,5,2,3,0,1436
6643,5,5,2,3,0,1436
6644,5,5,1,4,0,1436
6645,5,5,1,4,0,1437
6646,5,5,1,3,0,1437
6647,5,5,1,3,0,1437
6648,5,5,0,3,1,1437
6649,5,5,0,3,1,1437
6650,4,5,1,3,1,1437
6651,5,5,1,3,1,1437
6652,5,4,1,4,1,1437
6653,5,4,1,4,0,1438
6654,4,5,0,4,1,1438
6655,5,5,0,4,1,1438
6656,5,5,0,4,0,1439
6657,5,5,0,3,1,1439
6658,4,5,0,4,1,1439
6659,5,5,0,4,1,1439
6660,5,5,0,4,1,1439
6661,5,5,0,5,1,1439
6662,5,5,0,5,0,1440
6663,5,5,0,5,0,1440
6664,5,5,0,5,0,1440
6665,4,5,0,4,1,1440
6666,5,5,0,4,0,1441
6667,5,5,0,4,0,1441
6668,4,5,0,5,0,1441
6669,5,5,0,5,0,1441
6670,5,5,0,5,0,1441
6671,5,5,0,5,0,1441
6672,5,5,0,5,0,1442
6673,5,5,0,5,0,1442
6674,4,5,0,5,0,1442
6675,5,5,0,5,0,1442
6676,5,5,0,5,0,1442
6677,5,5,0,5,0,1442
6678,5,5,0,5,0,1443
6679,5,5,0,4,0,1443
6680,5,5,0,5,0,1443
6681,5,5,0,5,0,1443
6682,5,5,0,5,0,1444
6683,4,5,0,4,0,1444
6684,5,5,0,4,0,1444
6685,5,5,0,4,1,1444
6686,5,4,0,4,0,1445
6687,5,4,0,4,0,1445
6688,5,4,0,4,0,1445
6689,5,3,1,3,1,1445
6690,4,4,0,4,0,1446
6691,5,4,0,4,0,1446
6692,5,3,1,3,1,1446
6693,4,4,0,4,1,1446
6694,5,4,0,4,0,1447
6695,5,3,0,5,0,1447
6696,5,3,0,5,0,1448
6697,4,4,0,4,0,1448
6698,5,4,0,4,0,1448
6699,5,3,1,4,0,1448
6700,4,4,1,4,0,1449
6701,5,4,1,3,0,1449
6702,5,3,2,3,0,1449
6703,5,3,2,3,0,1449
6704,5,3,2,3,0,1449
6705,4,4,2,3,0,1449
6706,5,3,2,3,0,1450
6707,5,3,2,3,0,1450
6708,4,4,2,3,0,1450
6709,5,4,1,4,0,1451
6710,4,4,2,4,0,1451
6711,5,4,2,4,0,1451
6712,5,4,2,3,0,1451
6713,5,4,2,3,0,1451
6714,5,3,2,4,0,1451
6715,4,4,2,3,0,1452
6716,5,4,2,3,0,1452
6717,5,4,2,3,0,1453
6718,5,4,1,4,0,1453
6719,4,4,2,4,0,1453
6720,5,4,2,4,0,1453
6721,4,5,2,3,0,1453
6722,5,4,3,3,0,1453
6723,4,5,3,3,0,1453
6724,5,5,3,3,0,1454
6725,5,5,2,3,0,1454
6726,5,5,2,3,0,1454
6727,5,4,2,4,0,1454
6728,4,5,2,4,0,1455
6729,5,5,2,3,0,1455
6730,5,5,2,3,0,1455
6731,5,5,1,4,0,1455
6732,5,5,1,4,0,1455
6733,4,5,2,4,0,1456
6734,5,5,2,4,0,1456
6735,4,5,2,5,0,1456
6736,5,5,2,5,0,1456
6737,5,5,2,4,0,1456
6738,5,5,1,5,0,1456
6739,4,5,2,5,0,1456
6740,5,5,2,4,1,1456
6741,5,5,2,4,0,1457
6742,5,5,2,4,0,1457
6743,5,5,1,5,0,1457
6744,4,5,2,5,0,1458
6745,5,5,2,4,0,1458
6746,5,5,2,4,0,1458
6747,4,5,3,4,0,1458
6748,5,5,3,4,0,1458
6749,5,4,3,4,0,1459
6750,4,5,3,4,0,1459
6751,5,5,2,4,1,1459
6752,5,4,3,4,1,1459
6753,5,4,2,5,1,1459
6754,5,4,2,5,1,1459
6755,4,4,3,5,0,1460
6756,5,4,3,5,0,1460
6757,5,4,2,5,1,1460
6758,4,5,2,5,1,1460
6759,5,5,2,5,1,1460
6760,5,5,2,5,1,1460
6761,5,5,2,5,1,1460
6762,4,5,2,5,2,1460
6763,5,5,2,5,2,1460
6764,5,5,2,5,2,1460
6765,4,5,2,5,2,1461
6766,5,5,2,5,2,1461
6767,5,5,2,5,1,1462
6768,5,4,3,5,1,1462
6769,4,5,3,5,1,1462
6770,5,5,3,5,1,1462
6771,5,5,3,5,0,1463
6772,5,5,3,5,0,1463
6773,4,5,4,5,0,1463
6774,5,5,3,5,1,1463
6775,5,5,3,5,1,1463
6776,5,4,4,5,0,1464
6777,5,4,4,5,0,1464
6778,4,5,4,5,0,1464
6779,5,5,4,5,0,1464
6780,5,4,5,5,0,1464
6781,5,4,5,5,0,1464
6782,4,5,5,5,0,1464
6783,5,4,5,5,0,1465
6784,5,4,5,5,0,1465
6785,5,4,5,5,0,1466
6786,5,4,5,5,0,1466
6787,4,5,5,4,0,1466
6788,5,4,5,5,0,1466
6789,5,4,5,5,0,1466
6790,5,4,5,4,0,1467
6791,5,4,4,5,0,1467
6792,4,5,4,5,0,1467
6793,5,4,5,4,0,1468
6794,5,4,5,4,0,1468
6795,5,4,5,4,0,1468
6796,4,5,5,4,0,1468
6797,5,5,5,4,0,1469
6798,5,5,5,3,0,1469
6799,5,5,5,3,0,1469
6800,5,5,5,3,0,1469
6801,5,5,5,3,0,1469
6802,4,5,5,3,1,1469
6803,5,5,5,3,0,1470
6804,5,5,5,3,0,1470
6805,5,4,5,4,0,1471
6806,5,4,5,3,0,1471
6807,4,5,5,3,0,1471
6808,5,4,5,4,0,1472
6809,5,4,5,4,0,1472
6810,5,4,5,3,0,1472
6811,5,4,5,3,0,1472
6812,4,5,5,3,0,1472
6813,5,5,5,3,0,1473
6814,5,5,5,3,0,1473
6815,5,5,5,3,0,1473
6816,5,5,5,3,0,1473
6817,5,5,5,3,0,1473
6818,5,5,5,3,0,1473
6819,4,5,5,4,0,1473
6820,5,5,5,4,0,1473
6821,5,5,4,5,0,1473
6822,5,5,4,5,0,1473
6823,5,5,4,4,0,1473
6824,5,5,3,5,0,1473
6825,4,5,4,5,0,1473
6826,5,5,4,5,0,1473
6827,5,5,4,5,0,1474
6828,4,5,5,4,0,1474
6829,5,5,4,5,0,1474
6830,5,5,4,5,0,1475
6831,5,5,4,5,0,1475
6832,5,5,4,5,0,1475
6833,4,5,4,5,0,1475
6834,5,5,4,5,0,1475
6835,5,5,4,5,0,1475
6836,5,5,3,5,1,1475
6837,5,5,3,5,1,1475
6838,5,5,3,5,1,1475
6839,5,5,2,5,2,1475
6840,5,5,2,5,2,1475
6841,5,5,2,4,3,1475
6842,4,5,3,4,3,1475
6843,5,5,3,4,2,1476
6844,5,5,3,3,3,1476
6845,5,4,3,4,3,1476
6846,4,5,3,3,4,1476
6847,5,5,3,3,3,1477
6848,5,4,4,3,3,1477
6849,4,5,3,4,3,1477
6850,5,5,3,4,3,1477
6851,5,4,4,3,4,1477
6852,4,5,4,3,4,1477
6853,5,5,4,3,4,1477
6854,5,5,3,3,4,1478
6855,4,5,4,3,4,1478
6856,5,5,3,4,4,1478
6857,5,5,3,4,4,1478
6858,5,5,2,5,4,1478
6859,5,5,2,4,5,1478
6860,4,5,3,4,5,1478
6861,5,5,3,4,4,1479
6862,4,5,4,4,4,1479
6863,5,5,4,4,4,1479
6864,5,5,3,5,3,1480
6865,5,5,3,4,4,1480
6866,4,5,4,4,4,1480
6867,5,5,3,5,3,1481
6868,5,4,4,5,3,1481
6869,4,5,4,5,3,1481
6870,5,5,4,5,3,1481
6871,5,5,4,5,2,1482
6872,5,5,3,5,3,1482
6873,5,5,3,5,3,1482
6874,5,5,3,5,3,1482
6875,4,5,4,5,2,1483
6876,5,5,4,5,2,1483
6877,5,5,3,5,3,1483
6878,5,5,3,5,3,1483
6879,4,5,4,5,3,1483
6880,5,5,3,5,4,1483
6881,5,4,4,5,3,1484
6882,5,4,4,5,3,1484
6883,4,5,4,5,2,1485
6884,5,5,4,5,2,1485
6885,5,4,5,5,2,1485
6886,5,4,5,5,2,1485
6887,5,4,5,5,1,1486
6888,4,5,5,5,1,1486
6889,5,5,5,5,0,1487
6890,5,5,5,5,0,1487
6891,5,5,5,5,0,1487
6892,5,5,5,5,0,1487
6893,5,5,5,5,0,1487
6894,4,5,5,5,1,1487
6895,5,5,5,5,0,1488
6896,5,5,5,5,0,1488
6897,5,4,5,5,1,1488
6898,5,4,5,5,1,1488
6899,4,5,5,5,0,1489
6900,5,5,5,5,0,1489
6901,5,5,4,5,1,1489
6902,4,5,5,5,1,1489
6903,5,5,5,5,1,1489
6904,5,5,5,5,1,1489
6905,5,5,5,5,1,1489
6906,5,5,5,5,0,1490
6907,5,4,5,5,1,1490
6908,4,5,5,5,1,1490
6909,5,5,5,5,0,1491
6910,5,5,5,4,1,1491
6911,5,5,5,4,0,1492
6912,4,5,5,5,0,1492
6913,5,5,5,4,1,1492
6914,5,5,5,4,1,1492
6915,5,5,5,4,1,1492
6916,4,5,5,5,1,1492
6917,5,5,5,4,2,1492
6918,5,5,5,4,1,1493
6919,4,5,5,4,2,1493
6920,5,5,5,4,2,1493
6921,5,5,5,4,2,1493
6922,5,5,5,3,3,1493
6923,5,5,5,3,2,1494
6924,5,5,5,3,2,1494
6925,5,5,5,3,2,1494
6926,5,5,5,2,3,1494
6927,4,5,5,3,3,1494
6928,5,5,5,3,3,1494
6929,5,5,5,2,3,1495
6930,5,5,5,2,3,1495
6931,5,5,5,2,3,1495
6932,5,5,5,2,3,1495
6933,5,5,5,2,2,1496
6934,4,5,5,2,3,1496
6935,5,5,5,2,3,1496
6936,5,5,5,2,3,1496
6937,5,4,5,3,3,1496
6938,4,5,5,3,2,1497
6939,5,5,4,4,2,1497
6940,5,4,5,4,1,1498
6941,4,5,4,5,1,1498
6942,5,5,4,5,1,1498
6943,5,4,5,5,0,1499
6944,4,5,5,5,0,1499
6945,5,5,5,5,0,1499
6946,5,5,4,5,0,1500
6947,4,5,5,5,0,1500
6948,5,5,4,5,1,1500
6949,5,5,4,5,1,1500
6950,5,5,4,5,1,1500
6951,5,5,4,4,1,1501
6952,5,5,4,4,1,1501
6953,4,5,5,4,1,1501
6954,5,5,4,5,1,1501
6955,5,5,4,5,1,1501
6956,5,5,4,4,2,1501
6957,5,5,3,5,2,1501
6958,5,5,3,5,1,1502
6959,4,5,4,4,2,1502
6960,5,5,3,5,2,1502
6961,5,5,3,5,2,1502
6962,5,5,3,5,1,1503
6963,5,4,3,5,2,1503
6964,5,4,3,5,2,1503
6965,5,4,3,5,2,1503
6966,5,3,4,5,2,1503
6967,5,3,3,5,2,1504
6968,4,4,3,5,2,1504
6969,5,4,3,5,2,1504
6970,5,4,3,5,2,1504
6971,4,4,3,5,3,1504
6972,5,4,3,5,2,1505
6973,4,5,3,5,2,1505
6974,5,5,3,5,2,1505
6975,5,5,2,5,3,1505
6976,5,5,2,5,2,1506
6977,5,5,2,5,2,1506
6978,5,5,2,5,2,1506
6979,4,5,2,5,2,1507
6980,5,5,2,5,2,1507
6981,5,5,2,5,2,1507
6982,4,5,3,4,2,1508
6983,5,5,3,4,2,1508
6984,5,5,2,5,2,1508
6985,4,5,3,4,2,1509
6986,5,5,3,4,2,1509
6987,5,5,3,4,2,1509
6988,4,5,4,4,1,1510
6989,5,5,3,5,1,1510
6990,5,5,3,5,1,1510
6991,5,5,3,5,0,1511
6992,5,5,3,4,1,1511
6993,5,5,2,5,1,1511
6994,5,5,2,5,0,1512
6995,5,5,2,4,1,1512
6996,5,5,2,4,1,1512
6997,4,5,2,5,0,1513
6998,5,5,2,5,0,1513
6999,5,5,2,4,1,1513
7000,5,5,2,4,1,1513
7001,5,5,2,4,1,1513
7002,5,5,2,4,1,1513
7003,5,5,2,4,0,1514
7004,5,5,2,3,1,1514
7005,5,5,2,3,0,1515
7006,5,5,2,3,0,1515
7007,5,5,2,3,0,1516
7008,5,5,1,4,0,1516
7009,4,5,2,4,0,1516
7010,5,5,1,4,0,1516
7011,5,5,1,4,0,1516
7012,4,5,1,5,0,1516
7013,5,5,1,5,0,1517
7014,5,5,1,5,0,1517
7015,5,5,1,5,0,1517
7016,5,4,2,5,0,1517
7017,4,5,2,5,0,1517
7018,5,5,2,5,0,1517
7019,5,4,3,5,0,1517
7020,5,4,3,5,0,1517
7021,5,4,3,5,0,1517
7022,4,4,3,5,0,1517
7023,5,4,3,5,0,1517
7024,5,4,3,5,0,1517
7025,5,3,3,5,1,1517
7026,5,3,3,5,0,1518
7027,5,3,3,5,0,1518
7028,4,3,4,5,0,1518
7029,5,3,3,5,1,1518
7030,5,3,3,5,1,1518
7031,4,4,3,5,0,1519
7032,5,4,2,5,1,1519
7033,5,4,2,5,1,1519
7034,5,3,3,5,1,1519
7035,4,4,3,5,1,1519
7036,5,4,3,5,1,1519
7037,5,4,3,5,0,1520
7038,5,4,3,5,0,1520
7039,5,4,3,5,0,1521
7040,4,5,3,5,0,1521
7041,5,5,2,5,0,1521
7042,4,5,3,5,0,1521
7043,5,5,3,5,0,1521
7044,5,5,2,5,1,1521
7045,5,5,2,5,1,1521
7046,5,5,2,5,0,1522
7047,4,5,3,5,0,1522
7048,5,5,2,5,1,1522
7049,5,5,2,5,0,1523
7050,5,5,2,4,1,1523
7051,5,5,2,4,1,1523
7052,5,5,1,5,0,1524
7053,5,5,1,5,0,1524
7054,5,5,1,5,0,1524
7055,5,5,1,5,0,1525
7056,5,5,1,5,0,1525
7057,5,5,1,5,0,1525
7058,5,5,1,5,0,1525
7059,5,5,1,5,0,1525
7060,5,5,0,5,0,1525
7061,5,5,0,5,0,1525
7062,5,5,0,5,0,1526
7063,4,5,1,5,0,1526
7064,5,5,1,5,0,1526
7065,5,5,0,5,0,1526
7066,5,5,0,5,0,1526
7067,5,5,0,5,1,1526
7068,5,5,0,5,0,1527
7069,5,4,0,5,0,1527
7070,5,4,0,5,0,1527
7071,4,5,0,4,1,1527
7072,5,4,1,4,1,1527
7073,4,5,1,4,0,1528
7074,5,5,1,4,0,1528
7075,5,5,0,4,1,1528
7076,4,5,1,4,1,1528
7077,5,5,1,4,1,1528
7078,5,5,0,5,1,1528
7079,5,5,0,5,1,1528
7080,5,4,1,5,1,1528
7081,4,5,0,5,1,1529
7082,5,5,0,5,1,1529
7083,5,4,1,4,2,1529
7084,5,4,0,5,2,1529
7085,5,4,0,5,2,1529
7086,4,4,1,5,2,1529
7087,5,4,1,5,2,1529
7088,5,4,1,5,2,1529
7089,5,4,0,5,2,1530
7090,5,4,0,5,2,1530
7091,4,4,1,5,2,1530
7092,5,4,1,5,2,1530
7093,4,5,1,5,1,1531
7094,5,4,2,5,1,1531
7095,5,4,1,5,2,1531
7096,5,4,1,5,1,1532
7097,5,3,2,5,1,1532
7098,5,3,2,4,1,1533
7099,4,4,2,4,1,1533
7100,5,3,2,5,1,1533
7101,5,3,2,5,0,1534
7102,5,3,2,5,0,1534
7103,4,3,2,5,0,1535
7104,5,3,2,5,0,1535
7105,5,3,2,5,0,1536
7106,5,3,2,5,0,1536
7107,5,3,2,5,0,1536
7108,5,3,1,5,0,1536
7109,5,3,1,5,0,1536
7110,4,4,1,5,0,1536
7111,5,4,1,5,0,1536
7112,5,4,0,5,1,1536
7113,5,4,0,5,0,1537
7114,4,5,0,5,0,1537
7115,5,4,1,5,0,1537
7116,5,4,1,4,1,1537
7117,4,5,1,4,0,1538
7118,5,5,0,5,0,1538
7119,5,4,1,5,0,1539
7120,5,4,1,5,0,1539
7121,5,4,1,5,0,1539
7122,5,4,1,5,0,1539
7123,5,4,1,5,0,1539
7124,5,4,0,5,0,1539
7125,4,4,1,5,0,1539
7126,5,4,1,5,0,1539
7127,5,3,2,5,0,1539
7128,4,4,2,5,0,1539
7129,5,4,2,5,0,1540
7130,4,5,2,5,0,1540
7131,5,4,3,5,0,1540
7132,5,4,3,5,0,1540
7133,5,4,2,5,0,1540
7134,5,4,2,5,0,1540
7135,5,4,2,5,0,1540
7136,4,5,2,5,0,1540
7137,5,5,1,5,1,1540
7138,5,5,1,5,0,1541
7139,5,5,1,5,0,1541
7140,5,5,1,4,0,1542
7141,5,4,1,5,0,1542
7142,4,5,1,5,0,1542
7143,5,5,1,4,1,1542
7144,5,5,0,5,1,1542
7145,4,5,1,4,1,1543
7146,5,5,1,4,1,1543
7147,5,5,1,4,1,1543
7148,5,5,1,4,0,1544
7149,5,5,0,5,0,1544
7150,5,5,0,4,1,1544
7151,5,5,0,5,1,1544
7152,5,5,0,5,0,1545
7153,5,5,0,5,0,1545
7154,5,5,0,5,0,1545
7155,5,5,0,5,0,1546
7156,4,5,0,5,0,1546
7157,5,5,0,5,0,1546
7158,4,5,1,5,0,1546
7159,5,5,1,5,0,1546
7160,5,5,1,5,0,1546
7161,4,5,2,5,0,1546
7162,5,5,1,5,0,1546
7163,5,5,1,5,0,1546
7164,5,5,1,5,0,1546
7165,4,5,2,4,1,1546
7166,5,5,1,5,1,1546
7167,4,5,2,5,1,1546
7168,5,5,2,5,1,1546
7169,5,5,2,4,2,1546
7170,5,5,1,5,2,1546
7171,5,5,1,5,2,1546
7172,5,5,1,5,2,1546
7173,5,4,2,5,2,1546
7174,5,4,1,5,3,1546
7175,5,4,1,5,2,1547
7176,4,4,2,5,2,1547
7177,5,4,2,5,2,1547
7178,5,3,2,5,2,1548
7179,5,3,2,5,2,1548
7180,4,4,2,5,2,1548
7181,5,3,3,5,2,1548
7182,4,4,3,5,1,1549
7183,5,4,2,5,2,1549
7184,5,3,3,5,2,1549
7185,4,4,3,5,2,1549
7186,5,4,3,4,2,1550
7187,5,4,2,5,2,1550
7188,4,5,2,5,1,1551
7189,5,4,3,5,1,1551
7190,5,4,2,5,2,1551
7191,5,4,2,5,2,1551
7192,5,4,2,5,2,1551
7193,4,5,2,5,2,1551
7194,5,4,3,5,1,1552
7195,5,4,3,5,1,1552
7196,4,5,3,5,1,1552
7197,5,4,3,5,1,1553
7198,5,4,3,5,1,1553
7199,4,5,3,5,1,1553
7200,5,5,3,5,1,1553
7201,5,5,3,5,0,1554
7202,5,5,3,5,0,1554
7203,4,5,4,5,0,1554
7204,5,5,3,5,1,1554
7205,5,5,3,5,1,1554
7206,5,5,3,5,0,1555
7207,5,5,3,5,0,1555
7208,4,5,3,5,1,1555
7209,5,5,3,5,0,1556
7210,5,5,3,5,0,1556
7211,5,5,3,5,0,1556
7212,4,5,4,5,0,1556
7213,5,5,4,5,0,1557
7214,5,5,3,5,0,1557
7215,5,5,3,5,0,1557
7216,5,5,3,5,0,1557
7217,5,5,2,5,1,1557
7218,5,5,2,5,1,1557
7219,5,5,2,5,1,1557
7220,4,5,3,4,2,1557
7221,5,5,2,5,2,1557
7222,5,5,2,5,2,1557
7223,5,5,2,4,2,1558
7224,5,5,1,5,2,1558
7225,4,5,2,5,2,1558
7226,5,5,2,5,2,1558
7227,5,4,3,5,1,1559
7228,5,4,3,5,1,1559
7229,5,4,2,5,2,1559
7230,5,3,3,5,2,1559
7231,5,3,3,5,2,1559
7232,5,3,3,5,2,1559
7233,5,3,3,4,2,1560
7234,4,3,4,4,2,1560
7235,5,3,4,4,2,1560
7236,5,3,3,5,1,1561
7237,5,2,4,4,2,1561
7238,5,2,4,4,2,1561
7239,5,2,4,3,3,1561
7240,5,1,5,3,2,1562
7241,5,1,4,4,2,1562
7242,4,2,4,3,2,1563
7243,5,1,4,4,2,1563
7244,4,2,4,4,2,1563
7245,5,2,4,4,2,1563
7246,5,2,3,4,3,1563
7247,5,1,4,4,2,1564
7248,5,1,4,4,2,1564
7249,5,1,3,5,2,1564
7250,5,0,4,5,1,1565
7251,5,0,4,5,1,1565
7252,5,0,4,5,0,1566
7253,4,1,4,5,0,1566
7254,5,1,4,5,0,1567
7255,5,0,5,5,0,1567
7256,5,0,5,5,0,1567
7257,4,0,5,5,0,1567
7258,5,0,5,5,0,1567
7259,4,1,5,5,0,1568
7260,5,1,5,5,0,1568
7261,5,1,5,5,0,1568
7262,5,1,5,5,0,1568
7263,5,1,4,5,0,1568
7264,5,0,5,5,0,1568
7265,5,0,5,5,0,1568
7266,4,1,5,4,1,1568
7267,5,1,5,4,1,1568
7268,4,1,5,5,1,1568
7269,5,1,5,5,1,1568
7270,5,1,5,4,1,1569
7271,5,1,5,4,1,1569
7272,4,2,4,4,2,1569
7273,5,1,5,4,2,1569
7274,5,1,5,4,1,1570
7275,5,1,5,4,1,1570
7276,5,1,5,4,1,1570
7277,4,2,5,3,1,1571
7278,5,2,4,4,1,1571
7279,4,3,4,4,1,1571
7280,5,2,5,3,1,1572
7281,5,2,5,3,1,1572
7282,4,3,5,3,1,1572
7283,5,3,5,2,2,1572
7284,4,4,5,2,2,1572
7285,5,3,5,3,2,1572
7286,5,3,5,2,3,1572
7287,4,4,4,3,3,1572
7288,5,4,4,3,2,1573
7289,5,4,4,3,2,1573
7290,4,5,3,4,1,1574
7291,5,4,4,3,2,1574
7292,5,4,4,3,2,1574
7293,4,5,4,3,2,1574
7294,5,5,4,3,2,1574
7295,5,5,4,3,2,1574
7296,5,5,4,2,2,1575
7297,5,5,4,2,2,1575
7298,5,5,3,3,2,1575
7299,5,5,3,3,1,1576
7300,5,5,3,3,1,1576
7301,5,5,2,4,0,1577
7302,5,5,2,3,1,1577
7303,5,5,1,4,1,1577
7304,4,5,2,4,1,1577
7305,5,5,2,4,1,1577
7306,5,5,1,4,2,1577
7307,5,5,1,4,1,1578
7308,5,5,1,3,2,1578
7309,4,5,2,3,1,1579
7310,5,5,1,4,1,1579
7311,5,5,1,4,1,1579
7312,5,4,1,5,1,1579
7313,4,5,1,5,0,1580
7314,5,4,2,5,0,1580
7315,5,4,2,4,1,1580
7316,5,4,1,5,1,1580
7317,4,5,1,4,2,1580
7318,5,4,2,4,2,1580
7319,5,4,2,4,1,1581
7320,4,5,2,3,2,1581
7321,5,5,1,4,2,1581
7322,5,5,1,4,2,1581
7323,5,5,1,4,1,1582
7324,4,5,2,4,1,1582
7325,5,5,2,4,0,1583
7326,5,4,3,3,1,1583
7327,4,5,3,3,1,1583
7328,5,5,2,4,0,1584
7329,5,4,3,4,0,1584
7330,4,5,3,4,0,1584
7331,5,5,2,5,0,1584
7332,5,4,3,5,0,1584
7333,5,4,3,4,1,1584
7334,4,5,3,4,0,1585
7335,5,5,2,5,0,1585
7336,5,5,2,4,0,1586
7337,5,5,2,4,0,1586
7338,4,5,2,5,0,1586
7339,5,5,2,4,1,1586
7340,5,5,2,4,1,1586
7341,5,5,2,4,1,1586
7342,5,5,2,4,0,1587
7343,5,5,2,4,0,1587
7344,5,5,2,3,1,1587
7345,5,5,1,4,1,1587
7346,5,5,1,4,1,1587
7347,5,5,1,4,1,1587
7348,5,5,0,5,0,1588
7349,5,5,0,5,0,1588
7350,5,5,0,4,1,1588
7351,5,5,0,4,0,1589
7352,4,5,1,4,0,1589
7353,5,5,1,4,0,1590
7354,5,5,1,4,0,1590
7355,5,5,1,3,0,1590
7356,5,5,0,4,0,1590
7357,5,5,0,4,0,1590
7358,5,4,1,3,0,1591
7359,5,4,1,3,0,1591
7360,5,4,1,3,0,1591
7361,4,4,1,4,0,1591
7362,5,4,1,3,0,1592
7363,5,3,1,4,0,1592
7364,5,3,1,4,0,1592
7365,5,3,1,4,0,1592
7366,5,3,1,4,0,1593
7367,4,4,1,4,0,1593
7368,5,4,0,5,0,1593
7369,4,4,1,4,0,1593
7370,5,4,1,4,0,1593
7371,5,3,1,5,0,1593
7372,5,3,1,4,1,1593
7373,5,3,0,5,0,1594
7374,5,2,1,5,0,1594
7375,5,2,1,5,0,1594
7376,5,2,1,5,0,1594
7377,4,3,1,5,0,1594
7378,5,2,1,5,1,1594
7379,5,2,1,5,1,1594
7380,5,2,1,5,1,1594
7381,5,2,0,5,2,1594
7382,5,2,0,5,2,1594
7383,5,2,0,5,2,1594
7384,5,1,1,5,2,1594
7385,5,1,0,5,2,1595
7386,4,2,0,5,2,1595
7387,5,2,0,5,2,1595
7388,4,2,1,5,2,1595
7389,5,2,0,5,2,1596
7390,5,2,0,5,2,1596
7391,5,1,1,4,3,1596
7392,4,2,1,4,2,1597
7393,5,2,0,5,2,1597
7394,4,3,0,5,1,1598
7395,5,3,0,5,1,1598
7396,5,2,1,5,1,1598
7397,5,2,1,5,0,1599
7398,4,3,1,5,0,1599
7399,5,2,2,5,0,1599
7400,5,2,2,5,0,1599
7401,5,2,2,5,0,1600
7402,5,1,3,5,0,1600
7403,5,1,2,5,0,1600
7404,4,2,2,5,0,1600
7405,5,2,2,5,0,1600
7406,4,3,2,5,0,1601
7407,5,3,2,4,0,1601
7408,5,2,2,5,0,1601
7409,4,3,2,5,0,1601
7410,5,3,2,5,0,1601
7411,4,4,2,5,0,1601
7412,5,4,2,5,0,1601
7413,5,4,2,5,0,1601
7414,4,5,1,5,1,1601
7415,5,5,1,5,1,1601
7416,5,5,1,5,1,1601
7417,5,5,0,5,1,1602
7418,5,5,0,5,1,1602
7419,5,5,0,5,0,1603
7420,4,5,0,5,1,1603
7421,5,5,0,5,1,1603
7422,5,5,0,5,1,1603
7423,5,5,0,5,1,1604
7424,5,5,0,5,1,1604
7425,4,5,0,5,1,1604
7426,5,5,0,4,2,1604
7427,4,5,1,4,1,1605
7428,5,5,1,4,1,1605
7429,5,5,0,5,1,1605
7430,5,5,0,5,1,1605
7431,5,5,0,4,1,1606
7432,5,5,0,5,1,1606
7433,4,5,0,5,0,1607
7434,5,5,0,5,0,1607
7435,5,5,0,5,0,1607
7436,4,5,1,5,0,1608
7437,5,5,1,5,0,1608
7438,5,5,1,5,0,1608
7439,5,5,0,5,0,1608
7440,5,5,0,5,0,1608
7441,5,5,0,4,1,1608
7442,4,5,1,4,1,1608
7443,5,5,1,4,0,1609
7444,5,5,1,4,0,1609
7445,4,5,2,4,0,1609
7446,5,5,2,4,0,1609
7447,5,5,1,4,1,1609
7448,5,5,1,4,0,1610
7449,5,5,1,4,0,1610
7450,4,5,1,4,0,1611
7451,5,5,1,4,0,1611
7452,5,5,0,5,0,1611
7453,4,5,1,5,0,1611
7454,5,5,1,5,0,1611
7455,5,5,1,5,0,1611
7456,4,5,2,4,0,1612
7457,5,5,2,4,0,1612
7458,5,5,2,4,0,1612
7459,4,5,3,3,1,1612
7460,5,5,3,3,1,1612
7461,5,5,2,4,0,1613
7462,5,4,3,4,0,1613
7463,5,4,2,5,0,1613
7464,4,5,2,4,1,1613
7465,5,4,3,4,0,1614
7466,5,4,3,4,0,1614
7467,4,5,3,3,1,1614
7468,5,5,3,3,1,1614
7469,5,5,2,4,0,1615
7470,5,5,2,3,1,1615
7471,4,5,3,3,0,1616
7472,5,5,3,2,1,1616
7473,5,5,3,2,1,1616
7474,5,5,3,2,1,1616
7475,4,5,4,2,0,1617
7476,5,5,4,1,1,1617
7477,5,5,3,2,0,1618
7478,5,4,4,2,0,1618
7479,4,5,4,1,1,1618
7480,5,4,5,1,0,1619
7481,5,4,5,1,0,1619
7482,5,4,5,1,0,1619
7483,5,4,4,1,1,1619
7484,5,4,4,1,0,1620
7485,4,5,3,2,0,1620
7486,5,5,3,1,1,1620
7487,5,5,3,1,1,1620
7488,5,5,3,0,2,1620
7489,4,5,4,0,2,1620
7490,5,5,3,1,2,1620
7491,5,5,3,0,3,1620
7492,4,5,4,0,2,1621
7493,5,5,4,0,2,1621
7494,5,5,3,1,2,1621
7495,5,5,3,1,2,1621
7496,5,5,3,1,1,1622
7497,4,5,3,2,1,1622
7498,5,5,3,2,1,1622
7499,5,5,3,2,1,1622
7500,5,5,3,1,1,1623
7501,5,5,2,2,1,1623
7502,5,5,2,2,1,1623
7503,5,5,2,2,0,1624
7504,5,5,1,3,0,1624
7505,5,5,1,2,1,1624
7506,4,5,1,3,1,1624
7507,5,5,1,3,1,1624
7508,5,5,1,3,0,1625
7509,5,5,1,2,1,1625
7510,5,5,1,2,1,1625
7511,5,5,1,2,1,1625
7512,4,5,2,2,1,1625
7513,5,5,2,1,2,1625
7514,5,5,1,2,1,1626
7515,5,4,2,2,1,1626
7516,4,5,2,2,1,1626
7517,5,5,1,2,2,1626
7518,5,5,1,2,2,1626
7519,5,4,2,2,1,1627
7520,5,4,2,2,1,1627
7521,5,4,2,2,1,1627
7522,5,4,2,1,2,1627
7523,5,3,3,1,1,1628
7524,4,4,3,1,1,1628
7525,5,4,3,1,1,1628
7526,4,5,3,1,1,1628
7527,5,4,4,0,2,1628
7528,5,4,4,0,1,1629
7529,5,4,4,0,1,1629
7530,5,4,3,1,0,1630
7531,4,4,4,1,0,1630
7532,5,4,4,0,1,1630
7533,5,4,4,0,0,1631
7534,4,5,4,0,0,1631
7535,5,5,4,0,0,1632
7536,5,4,5,0,0,1632
7537,5,4,4,1,0,1632
7538,4,5,4,1,0,1632
7539,5,5,4,1,0,1632
7540,5,5,4,1,0,1632
7541,5,4,4,2,0,1632
7542,5,4,4,2,0,1632
7543,5,4,4,2,0,1632
7544,5,4,4,1,0,1632
7545,4,5,4,1,0,1632
7546,5,4,5,1,0,1633
7547,5,4,5,1,0,1633
7548,4,5,5,0,0,1633
7549,5,5,5,0,0,1633
7550,5,5,5,0,0,1633
7551,4,5,5,1,0,1633
7552,5,5,5,1,0,1634
7553,5,5,5,1,0,1634
7554,5,5,5,1,0,1634
7555,4,5,5,2,0,1634
7556,5,5,5,1,0,1634
7557,5,5,5,1,0,1634
7558,5,5,4,2,0,1634
7559,4,5,5,1,1,1634
7560,5,5,5,1,1,1634
7561,5,5,5,1,0,1635
7562,5,5,5,1,0,1635
7563,5,5,5,1,0,1636
7564,5,5,5,1,0,1636
7565,5,5,5,1,0,1636
7566,5,5,5,1,0,1636
7567,4,5,5,1,0,1636
7568,5,5,5,1,0,1636
7569,5,5,5,1,0,1636
7570,5,5,5,1,0,1636
7571,5,5,4,2,0,1637
7572,5,5,4,1,0,1637
7573,5,5,4,1,0,1637
7574,5,5,4,1,0,1637
7575,5,5,3,2,0,1637
7576,5,5,3,2,0,1638
7577,5,5,2,3,0,1638
7578,5,5,2,3,0,1638
7579,5,5,1,4,0,1638
7580,5,5,1,4,0,1638
7581,4,5,2,3,0,1638
7582,5,5,1,4,0,1638
7583,5,5,1,4,0,1638
7584,5,5,1,4,0,1638
7585,5,5,1,4,0,1639
7586,5,5,1,4,0,1639
7587,4,5,2,4,0,1639
7588,5,5,2,3,0,1639
7589,5,4,3,3,0,1639
7590,4,5,3,3,0,1639
7591,5,5,2,4,0,1639
7592,5,5,2,3,1,1639
7593,5,5,2,3,1,1639
7594,5,5,1,3,2,1639
7595,4,5,2,3,1,1640
7596,5,5,1,4,1,1640
7597,5,5,1,4,1,1640
7598,4,5,2,3,2,1640
7599,5,5,2,3,2,1640
7600,5,5,2,3,1,1641
7601,5,4,3,3,1,1641
7602,5,4,3,3,1,1641
7603,4,5,2,4,1,1641
7604,5,4,3,3,2,1641
7605,5,4,3,3,1,1642
7606,5,3,3,4,1,1642
7607,5,3,3,4,1,1642
7608,4,4,3,4,1,1642
7609,5,4,3,3,1,1643
7610,5,4,3,3,1,1643
7611,5,4,2,4,0,1644
7612,5,3,3,4,0,1644
7613,5,3,3,4,0,1644
7614,4,4,2,4,1,1644
7615,5,3,3,4,0,1645
7616,5,3,3,4,0,1645
7617,5,3,2,5,0,1645
7618,4,4,2,5,0,1646
7619,5,3,3,5,0,1646
7620,5,3,3,5,0,1646
7621,5,3,3,5,0,1646
7622,5,3,2,5,0,1646
7623,4,3,3,5,0,1646
7624,5,3,3,5,0,1646
7625,4,4,3,5,0,1646
7626,5,4,3,4,1,1646
7627,5,3,3,5,1,1646
7628,5,3,3,5,0,1647
7629,4,4,3,5,0,1647
7630,5,3,3,5,1,1647
7631,5,3,3,5,1,1647
7632,5,3,3,5,1,1647
7633,4,4,3,4,2,1647
7634,5,3,4,4,1,1648
7635,5,3,4,4,1,1648
7636,4,4,4,4,1,1648
7637,5,4,4,4,0,1649
7638,5,3,4,4,1,1649
7639,5,3,4,4,1,1649
7640,5,3,4,4,1,1649
7641,4,4,3,4,1,1650
7642,5,4,3,4,1,1650
7643,5,3,4,4,1,1650
7644,5,3,4,4,1,1650
7645,5,3,3,5,0,1651
7646,4,4,3,5,0,1651
7647,5,4,3,5,0,1651
7648,5,4,2,5,1,1651
7649,5,3,3,5,1,1651
7650,4,4,3,5,1,1651
7651,5,4,3,5,0,1652
7652,5,4,3,5,0,1652
7653,5,4,3,5,0,1653
7654,4,5,3,5,0,1653
7655,5,4,3,5,0,1653
7656,5,4,3,5,0,1653
7657,5,4,3,5,0,1653
7658,5,4,3,5,0,1653
7659,4,4,3,5,1,1653
7660,5,4,3,5,1,1653
7661,5,4,3,5,1,1653
7662,5,4,3,5,0,1654
7663,4,4,3,5,1,1654
7664,5,4,3,5,0,1655
7665,4,5,3,5,0,1655
7666,5,5,2,5,1,1655
7667,5,4,3,5,0,1656
7668,4,5,3,5,0,1656
7669,5,5,3,5,0,1656
7670,5,5,3,5,0,1656
7671,5,4,3,5,0,1657
7672,5,4,3,5,0,1657
7673,5,4,3,5,0,1657
7674,5,4,3,5,0,1658
7675,5,4,3,5,0,1658
7676,4,5,3,5,0,1658
7677,5,5,2,5,0,1658
7678,4,5,3,5,0,1658
7679,5,5,2,5,0,1659
7680,5,5,2,5,0,1659
7681,5,5,2,5,0,1659
7682,5,5,1,5,1,1659
7683,5,5,1,5,1,1659
7684,5,5,1,5,1,1659
7685,5,5,1,5,0,1660
7686,5,5,1,5,0,1660
7687,5,5,1,5,0,1660
7688,5,5,1,5,0,1660
7689,5,5,0,5,1,1660
7690,5,5,0,5,1,1660
7691,4,5,1,5,0,1661
7692,5,5,1,5,0,1661
7693,5,5,1,5,0,1661
7694,5,4,1,5,0,1662
7695,4,5,1,5,0,1662
7696,5,5,1,5,0,1662
7697,5,4,2,5,0,1662
7698,4,5,2,5,0,1662
7699,5,5,2,5,0,1663
7700,4,5,3,5,0,1663
7701,5,5,3,5,0,1663
7702,5,5,3,5,0,1663
7703,5,5,2,5,0,1663
7704,5,5,2,5,0,1663
7705,5,5,2,5,0,1663
7706,4,5,2,5,1,1663
7707,5,5,2,5,0,1664
7708,4,5,3,5,0,1664
7709,5,5,3,5,0,1665
7710,5,5,3,5,0,1665
7711,5,5,3,5,0,1665
7712,5,5,3,5,0,1665
7713,5,5,3,5,0,1665
7714,5,5,3,5,0,1665
7715,4,5,4,5,0,1665
7716,5,5,4,5,0,1665
7717,5,5,4,5,0,1665
7718,5,5,3,5,0,1665
7719,4,5,4,5,0,1665
7720,5,5,4,5,0,1665
7721,5,5,4,5,0,1665
7722,5,5,3,5,0,1666
7723,5,5,3,5,0,1666
7724,5,5,3,5,0,1667
7725,4,5,4,4,0,1667
7726,5,5,3,5,0,1667
7727,5,5,3,5,0,1667
7728,5,5,3,4,1,1667
7729,4,5,4,4,1,1667
7730,5,5,4,4,1,1667
7731,5,5,3,4,2,1667
7732,5,5,3,4,1,1668
7733,5,5,2,5,1,1668
7734,5,5,2,5,1,1668
7735,5,5,2,5,1,1668
7736,5,5,2,5,1,1668
7737,5,5,2,5,1,1668
7738,4,5,3,5,0,1669
7739,5,5,3,5,0,1669
7740,5,5,2,5,1,1669
7741,5,4,3,5,1,1669
7742,5,4,3,5,1,1669
7743,5,4,3,4,1,1670
7744,4,5,2,5,1,1670
7745,5,5,2,5,1,1670
7746,5,5,2,5,1,1670
7747,5,5,2,4,1,1671
7748,4,5,3,4,1,1671
7749,5,5,3,4,0,1672
7750,5,5,3,4,0,1672
7751,5,5,3,3,1,1672
7752,5,5,3,3,1,1672
7753,4,5,4,2,2,1672
7754,5,5,4,2,1,1673
7755,5,5,4,2,1,1673
7756,4,5,5,2,0,1674
7757,5,5,5,2,0,1674
7758,5,5,5,1,1,1674
7759,5,5,5,1,1,1674
7760,5,5,5,1,0,1675
7761,4,5,5,2,0,1675
7762,5,5,5,1,0,1676
7763,5,5,5,1,0,1676
7764,5,5,5,1,0,1676
7765,4,5,5,2,0,1676
7766,5,5,5,1,1,1676
7767,5,5,5,1,1,1676
7768,5,5,5,1,1,1676
7769,5,5,5,1,1,1676
7770,5,5,5,1,1,1676
7771,5,5,5,1,1,1676
7772,5,5,5,1,1,1676
7773,5,5,5,1,0,1677
7774,5,5,5,1,0,1677
7775,5,5,5,1,0,1677
7776,5,5,5,1,0,1678
7777,5,5,5,1,0,1678
7778,4,5,5,2,0,1678
7779,5,5,5,2,0,1678
7780,5,5,5,1,0,1678
7781,5,5,4,2,0,1678
7782,5,5,4,2,0,1678
7783,5,4,5,2,0,1678
7784,5,4,5,2,0,1678
7785,5,4,5,2,0,1678
7786,4,5,4,3,0,1679
7787,5,5,4,3,0,1679
7788,5,5,4,3,0,1679
7789,4,5,5,2,0,1679
7790,5,5,4,3,0,1679
7791,5,5,4,3,0,1679
7792,5,5,4,2,0,1680
7793,5,4,5,2,0,1680
7794,4,5,5,1,0,1681
7795,5,5,4,2,0,1681
7796,5,5,4,2,0,1681
7797,5,4,5,1,1,1681
7798,5,4,4,2,1,1681
7799,5,4,4,2,1,1681
7800,5,3,5,2,0,1682
7801,5,3,5,1,1,1682
7802,5,3,5,1,1,1682
7803,4,4,5,0,1,1683
7804,5,4,4,1,1,1683
7805,5,4,4,1,0,1684
7806,4,4,5,0,1,1684
7807,5,4,4,1,1,1684
7808,5,4,4,1,1,1684
7809,4,5,4,1,0,1685
7810,5,5,3,1,1,1685
7811,5,5,3,1,1,1685
7812,5,5,2,2,1,1685
7813,4,5,3,1,1,1686
7814,5,5,3,1,1,1686
7815,5,5,3,0,2,1686
7816,5,5,3,0,2,1686
7817,5,5,3,0,1,1687
7818,5,5,3,0,1,1687
7819,4,5,4,0,1,1687
7820,5,5,4,0,1,1688
7821,5,5,3,0,1,1688
7822,5,5,3,0,0,1689
7823,5,5,3,0,0,1689
7824,5,5,3,0,0,1689
7825,5,5,3,0,0,1689
7826,5,5,2,1,0,1689
7827,5,5,2,0,1,1689
7828,4,5,3,0,1,1689
7829,5,5,3,0,0,1690
7830,5,5,3,0,0,1690
7831,5,5,3,0,1,1690
7832,5,4,3,0,1,1690
7833,4,5,3,0,0,1691
7834,5,5,2,0,1,1691
7835,4,5,3,0,1,1691
7836,5,5,3,0,0,1692
7837,5,5,2,1,0,1692
7838,4,5,3,0,1,1692
7839,5,5,3,0,0,1693
7840,5,5,3,0,0,1693
7841,4,5,4,0,1,1693
7842,5,5,4,0,0,1694
7843,5,5,3,0,0,1694
7844,5,5,3,0,0,1694
7845,5,5,2,1,0,1695
7846,5,5,2,1,0,1695
7847,4,5,3,1,0,1695
7848,5,5,3,0,0,1695
7849,5,5,3,0,0,1695
7850,5,5,2,1,0,1695
7851,5,5,2,0,0,1696
7852,5,5,1,1,0,1696
7853,4,5,2,1,0,1696
7854,5,5,2,0,1,1696
7855,5,5,2,0,0,1697
7856,5,5,1,0,1,1697
7857,5,5,1,0,1,1697
7858,4,5,2,0,1,1697
7859,5,5,2,0,0,1698
7860,5,5,1,0,1,1698
7861,4,5,2,0,1,1698
7862,5,5,2,0,0,1699
7863,5,4,3,0,0,1699
7864,5,4,3,0,0,1699
7865,4,5,3,0,0,1699
7866,5,5,3,0,0,1700
7867,5,5,2,1,0,1700
7868,5,5,2,0,0,1700
7869,5,5,2,0,0,1700
7870,5,5,1,1,0,1700
7871,5,5,1,0,0,1701
7872,4,5,2,0,0,1701
7873,5,5,1,1,0,1701
7874,5,5,1,1,0,1701
7875,5,5,1,1,0,1701
7876,4,5,2,0,1,1701
7877,5,5,1,1,1,1701
7878,5,5,1,0,2,1701
7879,5,5,0,1,2,1701
7880,5,5,0,1,2,1701
7881,5,5,0,1,1,1702
7882,4,5,1,0,2,1702
7883,5,5,0,1,2,1702
7884,5,5,0,1,1,1703
7885,5,5,0,0,2,1703
7886,4,5,1,0,2,1703
7887,5,5,0,1,1,1704
7888,5,5,0,1,1,1704
7889,5,4,1,1,0,1705
7890,5,4,1,0,1,1705
7891,4,5,1,0,1,1705
7892,5,5,1,0,1,1705
7893,4,5,1,1,1,1705
7894,5,5,1,1,0,1706
7895,5,5,1,1,0,1706
7896,4,5,1,1,1,1706
7897,5,5,1,1,0,1707
7898,5,5,0,2,0,1707
7899,4,5,1,2,0,1707
7900,5,5,1,2,0,1707
7901,5,5,1,2,0,1707
7902,5,5,0,3,0,1708
7903,4,5,1,3,0,1708
7904,5,5,1,3,0,1708
7905,5,5,0,4,0,1708
7906,5,4,1,4,0,1708
7907,4,5,1,4,0,1708
7908,5,5,0,5,0,1708
7909,5,5,0,4,0,1708
7910,4,5,1,4,0,1708
7911,5,5,1,4,0,1708
7912,5,5,1,3,1,1708
7913,5,5,1,3,0,1709
7914,5,5,1,3,0,1709
7915,5,5,0,4,0,1709
7916,5,5,0,3,1,1709
7917,4,5,1,3,1,1709
7918,5,5,1,3,1,1709
7919,5,5,1,3,0,1710
7920,5,5,1,2,1,1710
7921,5,5,1,2,0,1711
7922,5,5,0,2,1,1711
7923,4,5,1,2,1,1711
7924,5,5,1,2,1,1711
7925,5,5,1,2,1,1711
7926,5,5,1,2,0,1712
7927,5,5,0,2,1,1712
7928,5,5,0,2,1,1712
7929,5,5,0,2,0,1713
7930,5,5,0,2,0,1713
7931,5,5,0,1,1,1713
7932,4,5,1,1,1,1713
7933,5,5,1,1,1,1713
7934,5,5,1,1,1,1713
7935,5,5,1,1,0,1714
7936,5,4,2,0,1,1714
7937,5,4,2,0,1,1714
7938,4,5,2,0,1,1714
7939,5,4,3,0,1,1714
7940,5,4,2,0,1,1715
7941,5,4,2,0,1,1715
7942,5,3,3,0,1,1715
7943,4,4,3,0,1,1715
7944,5,4,2,0,1,1716
7945,4,4,3,0,1,1716
7946,5,4,3,0,1,1716
7947,5,4,2,0,2,1716
7948,4,5,2,0,2,1716
7949,5,5,2,0,2,1716
7950,5,4,3,0,1,1717
7951,4,5,3,0,1,1717
7952,5,5,2,1,1,1717
7953,5,4,3,0,1,1718
7954,5,4,3,0,1,1718
7955,4,5,2,1,1,1718
7956,5,5,2,1,0,1719
7957,5,5,2,1,0,1719
7958,5,5,1,1,1,1719
7959,5,5,1,1,1,1719
7960,4,5,2,1,1,1719
7961,5,5,1,2,0,1720
7962,5,5,1,2,0,1720
7963,4,5,2,2,0,1720
7964,5,5,1,3,0,1721
7965,5,5,1,3,0,1721
7966,5,5,1,3,0,1721
7967,5,5,0,4,0,1721
7968,4,5,1,4,0,1721
7969,5,5,0,5,0,1721
7970,5,5,0,5,0,1721
7971,5,4,1,5,0,1721
7972,4,5,1,4,0,1721
7973,5,5,1,4,0,1721
7974,4,5,1,4,1,1721
7975,5,5,1,4,0,1722
7976,5,5,1,4,0,1722
7977,5,5,1,3,1,1722
7978,5,5,1,3,1,1722
7979,5,4,1,4,1,1722
7980,4,5,1,3,2,1722
7981,5,5,1,3,2,1722
7982,5,5,0,4,1,1723
7983,4,5,1,4,1,1723
7984,5,5,1,4,1,1723
7985,5,5,1,4,1,1723
7986,5,5,1,4,1,1723
7987,5,5,1,3,1,1724
7988,5,5,1,3,1,1724
7989,4,5,2,3,1,1724
7990,5,5,2,3,0,1725
7991,5,5,2,3,0,1725
7992,4,5,3,3,0,1725
7993,5,5,3,3,0,1725
7994,5,5,3,3,0,1725
7995,5,5,3,2,1,1725
7996,5,5,2,3,0,1726
7997,5,5,2,3,0,1726
7998,5,4,3,3,0,1726
7999,5,4,3,2,1,1726
8000,4,5,3,2,1,1726
8001,5,4,3,3,0,1727
8002,4,5,3,2,1,1727
8003,5,5,3,2,1,1727
8004,5,4,4,1,2,1727
8005,5,4,4,1,2,1727
8006,5,4,4,1,2,1727
8007,5,3,5,1,1,1728
8008,5,3,4,1,2,1728
8009,4,4,4,1,1,1729
8010,5,3,4,2,1,1729
8011,5,3,4,2,0,1730
8012,5,3,4,2,0,1730
8013,4,3,5,2,0,1730
8014,5,3,4,3,0,1731
8015,4,4,4,3,0,1731
8016,5,3,4,4,0,1731
8017,5,3,4,4,0,1731
8018,4,4,3,4,0,1731
8019,5,3,4,4,0,1731
8020,5,3,4,4,0,1731
8021,4,4,3,5,0,1731
8022,5,3,4,4,1,1731
8023,4,4,4,4,0,1732
8024,5,4,4,4,0,1732
8025,5,3,4,5,0,1732
8026,5,3,4,5,0,1732
8027,5,3,4,5,0,1733
8028,5,3,4,5,0,1733
8029,4,4,4,4,0,1733
8030,5,4,3,5,0,1733
8031,4,4,4,5,0,1733
8032,5,4,4,4,1,1733
8033,5,4,4,4,1,1733
8034,4,5,4,4,1,1733
8035,5,4,5,3,1,1734
8036,5,4,5,3,1,1734
8037,5,4,5,3,1,1734
8038,5,4,5,2,2,1734
8039,5,4,5,2,2,1734
8040,5,4,5,2,2,1734
8041,5,4,5,2,1,1735
8042,5,4,5,2,1,1735
8043,4,5,5,2,0,1736
8044,5,5,5,2,0,1736
8045,5,5,5,2,0,1737
8046,5,5,5,2,0,1737
8047,5,5,5,1,0,1737
8048,5,4,5,2,0,1737
8049,5,4,5,2,0,1737
8050,5,4,5,2,0,1738
8051,4,4,5,3,0,1738
8052,5,4,5,3,0,1738
8053,5,4,5,3,0,1738
8054,4,5,5,2,0,1738
8055,5,4,5,3,0,1738
8056,5,4,5,3,0,1738
8057,5,4,5,2,1,1738
8058,5,4,4,3,1,1738
8059,5,3,5,3,1,1738
8060,5,3,5,2,2,1738
8061,4,4,5,2,1,1739
8062,5,4,5,1,2,1739
8063,5,4,5,1,2,1739
8064,5,3,5,2,1,1740
8065,5,3,5,2,1,1740
8066,5,3,5,2,1,1740
8067,5,3,5,2,0,1741
8068,5,3,5,1,1,1741
8069,4,4,5,1,1,1741
8070,5,3,5,2,0,1742
8071,5,3,5,1,1,1742
8072,4,4,5,1,0,1743
8073,5,4,4,2,0,1743
8074,5,4,4,2,0,1744
8075,5,4,4,2,0,1744
8076,5,4,4,2,0,1744
8077,4,4,5,1,0,1744
8078,5,4,5,1,0,1744
8079,4,5,5,1,0,1744
8080,5,4,5,2,0,1745
8081,5,4,5,2,0,1745
8082,5,4,5,1,0,1745
8083,4,5,4,2,0,1745
8084,5,4,5,2,0,1745
8085,4,5,5,2,0,1745
8086,5,5,5,2,0,1745
8087,5,5,4,3,0,1746
8088,5,4,5,2,0,1746
8089,4,5,5,2,0,1746
8090,5,5,4,3,0,1747
8091,5,4,5,3,0,1747
8092,5,4,5,3,0,1747
8093,5,4,4,3,0,1747
8094,4,5,4,3,0,1747
8095,5,5,4,3,0,1747
8096,4,5,5,3,0,1747
8097,5,5,4,4,0,1747
8098,5,5,4,4,0,1747
8099,5,5,4,4,0,1748
8100,5,5,4,4,0,1748
8101,5,4,5,4,0,1748
8102,5,4,4,5,0,1748
8103,4,5,4,5,0,1748
8104,5,4,5,5,0,1748
8105,4,5,5,5,0,1748
8106,5,5,5,5,0,1748
8107,5,5,5,5,0,1748
8108,5,5,5,5,0,1748
8109,4,5,5,5,0,1748
8110,5,5,5,5,0,1748
8111,5,5,5,5,0,1748
8112,5,5,5,5,0,1748
8113,5,5,5,5,0,1748
8114,5,5,5,5,0,1748
8115,5,5,5,5,0,1748
8116,5,5,5,5,0,1749
8117,5,5,5,5,0,1749
8118,5,5,5,5,0,1749
8119,5,5,5,5,0,1749
8120,4,5,5,5,0,1749
8121,5,5,5,5,0,1749
8122,5,5,5,5,0,1749
8123,5,5,5,5,0,1750
8124,5,5,5,5,0,1750
8125,5,5,4,5,0,1750
8126,5,5,4,5,0,1750
8127,5,5,4,5,0,1750
8128,5,5,4,5,0,1750
8129,5,5,4,5,0,1750
8130,4,5,5,5,0,1750
8131,5,5,5,5,0,1750
8132,5,5,5,5,0,1750
8133,5,4,5,5,1,1750
8134,5,4,5,5,1,1750
8135,4,5,5,5,1,1750
8136,5,5,5,4,2,1750
8137,5,5,4,5,1,1751
8138,5,5,4,5,1,1751
8139,4,5,5,5,1,1751
8140,5,5,5,5,0,1752
8141,5,5,4,5,1,1752
8142,5,5,4,5,1,1752
8143,5,5,4,5,0,1753
8144,5,5,3,5,1,1753
8145,5,5,3,5,1,1753
8146,5,5,3,5,1,1753
8147,4,5,4,5,0,1754
8148,5,5,3,5,1,1754
8149,5,5,3,5,1,1754
8150,5,5,3,5,1,1754
8151,5,5,3,4,2,1754
8152,4,5,3,5,2,1754
8153,5,5,3,5,1,1755
8154,5,5,3,4,2,1755
8155,5,4,4,4,2,1755
8156,5,4,4,4,2,1755
8157,5,4,4,4,2,1755
8158,4,4,5,4,2,1755
8159,5,4,4,4,2,1756
8160,5,4,4,4,2,1756
8161,4,4,4,5,1,1757
8162,5,4,4,5,1,1757
8163,5,4,4,5,1,1757
8164,5,3,5,5,1,1757
8165,5,3,5,5,1,1757
8166,4,4,5,5,0,1758
8167,5,4,4,5,1,1758
8168,4,5,4,5,0,1759
8169,5,5,4,5,0,1759
8170,5,5,4,5,0,1759
8171,4,5,5,5,0,1760
8172,5,5,5,5,0,1760
8173,5,5,5,5,0,1760
8174,5,4,5,5,0,1760
8175,4,5,5,5,0,1760
8176,5,5,4,5,0,1761
8177,5,5,4,5,0,1761
8178,5,5,4,5,0,1762
8179,5,5,4,4,0,1762
8180,5,5,4,4,0,1762
8181,5,5,4,4,0,1762
8182,5,5,4,4,0,1762
8183,5,5,3,4,1,1762
8184,5,5,3,4,1,1762
8185,5,5,3,4,1,1762
8186,5,5,2,5,1,1762
8187,5,5,2,5,1,1762
8188,4,5,3,5,1,1762
8189,5,5,3,5,0,1763
8190,5,5,3,5,0,1763
8191,5,5,3,5,0,1763
8192,5,5,3,5,0,1763
8193,5,5,2,5,0,1764
8194,5,5,2,5,0,1764
8195,4,5,3,5,0,1764
8196,5,5,3,4,1,1764
8197,5,5,3,4,1,1764
8198,5,5,2,5,1,1764
8199,5,5,2,5,0,1765
8200,5,5,2,4,1,1765
8201,4,5,3,4,1,1765
8202,5,5,3,4,0,1766
8203,5,5,3,4,0,1766
8204,5,4,4,4,0,1766
8205,4,5,4,4,0,1766
8206,5,5,3,4,0,1767
8207,5,5,3,4,0,1767
8208,5,5,2,5,0,1767
8209,5,5,2,5,0,1767
8210,5,5,2,5,0,1767
8211,5,5,2,5,0,1767
8212,5,5,1,5,1,1767
8213,5,5,1,5,0,1768
8214,5,5,1,5,0,1768
8215,5,5,1,5,0,1769
8216,4,5,2,5,0,1769
8217,5,5,2,5,0,1769
8218,5,5,2,5,0,1769
8219,5,5,1,5,0,1769
8220,5,5,1,5,0,1769
8221,5,5,1,5,0,1769
8222,5,5,1,5,0,1770
8223,4,5,1,5,0,1770
8224,5,5,1,5,0,1770
8225,5,4,2,5,0,1770
8226,5,4,1,5,1,1770
8227,5,4,1,5,0,1771
8228,5,4,1,5,0,1771
8229,4,4,1,5,1,1771
8230,5,4,1,5,1,1771
8231,5,4,1,5,0,1772
8232,5,4,1,5,0,1772
8233,4,5,1,4,1,1772
8234,5,4,1,5,0,1773
8235,5,4,1,5,0,1773
8236,5,4,1,5,0,1773
8237,4,5,1,5,0,1773
8238,5,5,1,4,0,1774
8239,5,5,1,4,0,1774
8240,5,5,0,5,0,1774
8241,4,5,1,5,0,1775
8242,5,5,1,4,0,1775
8243,5,5,0,5,0,1775
8244,4,5,1,5,0,1776
8245,5,5,0,5,0,1776
8246,5,5,0,5,0,1776
8247,5,5,0,5,0,1776
8248,5,5,0,4,1,1776
8249,4,5,0,5,1,1776
8250,5,5,0,5,1,1776
8251,5,5,0,5,1,1776
8252,5,4,1,4,1,1777
8253,4,5,0,5,1,1777
8254,5,5,0,5,1,1777
8255,5,5,0,4,2,1777
8256,5,5,0,5,2,1777
8257,5,5,0,4,3,1777
8258,5,4,0,4,3,1777
8259,4,5,0,4,3,1777
8260,5,5,0,3,3,1778
8261,5,5,0,3,3,1778
8262,5,5,0,4,3,1778
8263,5,5,0,4,2,1779
8264,5,5,0,4,2,1779
8265,5,5,0,3,3,1779
8266,4,5,0,3,3,1779
8267,5,5,0,3,3,1779
8268,5,5,0,2,4,1779
8269,5,5,0,2,4,1779
8270,5,5,0,3,4,1779
8271,4,5,0,3,3,1780
8272,5,5,0,3,3,1780
8273,5,5,0,2,4,1780
8274,5,5,0,2,3,1781
8275,5,5,0,3,3,1781
8276,5,5,0,3,3,1781
8277,5,5,0,3,3,1781
8278,4,5,0,2,4,1781
8279,5,5,0,2,3,1782
8280,5,4,0,3,3,1782
8281,5,4,0,2,3,1783
8282,5,4,0,2,3,1783
8283,4,5,0,2,3,1783
8284,5,5,0,2,2,1784
8285,5,4,0,2,3,1784
8286,5,4,0,2,2,1785
8287,4,5,0,2,2,1785
8288,5,5,0,3,2,1785
8289,5,5,0,2,3,1785
8290,5,5,0,2,2,1786
8291,4,5,0,2,2,1786
8292,5,5,0,2,2,1786
8293,5,5,0,2,2,1786
8294,5,4,0,2,3,1786
8295,5,4,0,2,3,1786
8296,4,5,0,2,3,1786
8297,5,5,0,2,3,1786
8298,5,4,1,2,2,1787
8299,5,4,0,3,2,1787
8300,5,4,0,3,2,1787
8301,5,3,0,3,2,1788
8302,5,3,0,3,2,1788
8303,4,4,0,3,2,1788
8304,5,4,0,3,1,1789
8305,5,3,1,3,1,1789
8306,4,4,0,3,1,1790
8307,5,4,0,3,1,1790
8308,5,4,0,3,1,1790
8309,4,5,0,3,1,1791
8310,5,5,0,3,1,1791
8311,4,5,0,3,1,1791
8312,5,5,0,3,1,1791
8313,5,5,0,2,2,1791
8314,5,5,0,2,1,1792
8315,4,5,1,2,1,1792
8316,5,5,0,2,1,1793
8317,5,5,0,2,1,1793
8318,5,5,0,1,2,1793
8319,4,5,0,2,2,1793
8320,5,5,0,2,2,1793
8321,5,5,0,3,2,1793
8322,5,5,0,3,1,1794
8323,5,5,0,3,1,1794
8324,5,5,0,3,1,1794
8325,5,5,0,3,1,1794
8326,5,5,0,3,1,1794
8327,5,5,0,3,1,1794
8328,5,5,0,3,0,1795
8329,5,5,0,2,1,1795
8330,5,5,0,2,0,1796
8331,5,5,0,2,0,1796
8332,5,5,0,2,0,1797
8333,5,5,0,2,0,1797
8334,5,5,0,1,0,1797
8335,5,5,0,1,0,1797
8336,5,5,0,1,0,1797
8337,5,5,0,0,1,1797
8338,4,5,0,0,0,1798
8339,5,5,0,0,0,1798
8340,5,5,0,0,0,1798
8341,5,5,0,0,1,1798
8342,5,4,1,0,1,1798
8343,5,4,1,0,0,1799
8344,4,5,1,0,0,1799
8345,5,5,1,0,0,1799
8346,5,5,1,0,0,1800
8347,5,5,1,0,0,1800
8348,5,5,0,0,0,1800
8349,5,5,0,0,0,1800
8350,5,5,0,0,0,1800
8351,4,5,0,1,0,1800
8352,5,5,0,1,0,1800
8353,5,5,0,1,0,1800
8354,5,5,0,1,0,1800
8355,5,5,0,1,0,1800
8356,4,5,0,1,0,1800
8357,5,5,0,0,1,1800
8358,5,5,0,0,0,1801
8359,5,5,0,0,1,1801
8360,5,5,0,0,0,1802
8361,4,5,0,0,0,1802
8362,5,5,0,0,0,1802
8363,5,5,0,0,0,1803
8364,4,5,1,0,0,1803
8365,5,5,1,0,0,1803
8366,5,5,0,0,0,1803
8367,5,5,0,0,0,1804
8368,5,5,0,1,0,1804
8369,5,4,0,0,0,1804
8370,4,5,0,0,0,1804
8371,5,5,0,0,0,1805
8372,5,5,0,0,0,1805
8373,5,5,0,0,0,1805
8374,4,5,0,0,0,1806
8375,5,5,0,0,0,1806
8376,5,5,0,0,0,1806
8377,4,5,0,0,0,1806
8378,5,5,0,0,0,1806
8379,5,5,0,0,0,1806
8380,5,5,0,0,0,1806
8381,5,5,0,0,0,1806
8382,5,5,0,0,1,1806
8383,5,5,0,0,1,1806
8384,5,5,0,0,1,1806
8385,4,5,0,0,2,1806
8386,5,5,0,0,2,1806
8387,5,5,0,0,1,1807
8388,5,5,0,0,1,1807
8389,5,5,0,0,0,1808
8390,5,5,0,0,1,1808
8391,5,5,0,0,1,1808
8392,5,5,0,0,1,1808
8393,4,5,0,0,1,1808
8394,5,5,0,0,1,1808
8395,5,5,0,0,1,1808
8396,5,5,0,0,0,1809
8397,5,5,0,0,0,1809
8398,5,5,0,0,0,1810
8399,4,5,0,0,0,1810
8400,5,5,0,0,0,1810
8401,5,5,0,0,0,1810
8402,5,5,0,0,0,1810
8403,5,5,0,0,0,1810
8404,5,5,0,0,0,1811
8405,5,5,0,0,0,1811
8406,5,5,0,0,0,1811
8407,4,5,0,0,0,1811
8408,5,5,0,0,0,1811
8409,5,4,1,0,0,1811
8410,5,4,1,0,0,1811
8411,4,5,1,0,0,1811
8412,5,5,1,0,0,1812
8413,5,5,1,0,0,1812
8414,5,5,0,0,0,1812
8415,4,5,1,0,0,1812
8416,5,5,1,0,0,1812
8417,5,5,1,0,0,1812
8418,4,5,1,1,0,1812
8419,5,5,1,1,0,1812
8420,5,5,1,1,0,1812
8421,5,5,1,1,0,1812
8422,5,5,0,1,0,1812
8423,5,5,0,1,0,1812
8424,5,5,0,2,0,1812
8425,4,5,0,2,0,1812
8426,5,5,0,1,1,1812
8427,5,5,0,1,1,1812
8428,4,5,1,1,1,1812
8429,5,5,1,1,1,1812
8430,5,5,0,2,0,1813
8431,4,5,1,2,0,1813
8432,5,5,1,2,0,1813
8433,5,5,1,1,1,1813
8434,5,5,0,2,1,1813
8435,5,5,0,2,0,1814
8436,5,5,0,2,0,1814
8437,5,5,0,3,0,1815
8438,5,5,0,3,0,1815
8439,5,5,0,3,0,1815
8440,5,5,0,2,0,1815
8441,4,5,0,2,0,1815
8442,5,5,0,2,0,1816
8443,5,5,0,2,0,1816
8444,4,5,0,3,0,1816
8445,5,5,0,2,0,1816
8446,5,5,0,2,0,1816
8447,5,5,0,2,0,1817
8448,5,5,0,3,0,1817
8449,5,5,0,3,0,1817
8450,5,5,0,3,0,1817
8451,4,5,0,2,0,1817
8452,5,5,0,2,0,1817
8453,5,5,0,2,0,1817
8454,5,5,0,2,0,1818
8455,5,5,0,2,0,1818
8456,4,5,1,2,0,1818
8457,5,5,0,2,0,1818
8458,5,5,0,2,0,1818
8459,5,5,0,3,0,1818
8460,5,5,0,3,0,1818
8461,5,5,0,3,0,1819
8462,5,5,0,2,0,1819
8463,4,5,0,2,0,1819
8464,5,5,0,2,0,1820
8465,5,5,0,2,0,1820
8466,5,5,0,1,0,1820
8467,5,5,0,1,0,1820
8468,4,5,1,1,0,1820
8469,5,5,0,2,0,1821
8470,5,5,0,2,0,1821
8471,5,5,0,3,0,1821
8472,5,5,0,3,0,1821
8473,5,5,0,3,0,1821
8474,5,5,0,3,0,1821
8475,5,5,0,2,0,1821
8476,5,5,0,2,0,1821
8477,5,5,0,2,0,1821
8478,5,5,0,1,0,1822
8479,4,5,0,1,0,1822
8480,5,5,0,1,0,1822
8481,5,5,0,1,0,1823
8482,5,5,0,1,0,1823
8483,5,5,0,1,0,1823
8484,5,5,0,1,0,1823
8485,5,5,0,1,0,1823
8486,5,5,0,2,0,1823
8487,4,5,0,2,0,1823
8488,5,5,0,2,0,1823
8489,5,5,0,1,0,1823
8490,5,5,0,1,0,1823
8491,5,5,0,2,0,1824
8492,4,5,0,1,0,1824
8493,5,5,0,1,0,1824
8494,5,5,0,1,0,1824
8495,5,5,0,1,0,1825
8496,4,5,1,0,0,1825
8497,5,5,0,1,0,1825
8498,5,4,1,1,0,1825
8499,4,5,0,2,0,1825
8500,5,5,0,1,0,1826
8501,5,5,0,1,0,1826
8502,5,5,0,2,0,1827
8503,5,5,0,2,0,1827
8504,5,5,0,1,0,1827
8505,5,5,0,1,0,1827
8506,5,5,0,1,0,1827
8507,5,5,0,1,0,1827
8508,4,5,0,1,0,1827
8509,5,5,0,1,0,1827
8510,5,5,0,1,0,1828
8511,4,5,0,1,0,1828
8512,5,5,0,1,0,1828
8513,5,5,0,1,0,1829
8514,5,5,0,1,0,1829
8515,5,5,0,1,0,1829
8516,4,5,0,1,0,1829
8517,5,5,0,0,1,1829
8518,5,5,0,0,0,1830
8519,4,5,1,0,0,1830
8520,5,5,1,0,0,1830
8521,5,5,1,0,0,1830
8522,5,5,0,1,0,1831
8523,5,5,0,0,0,1831
8524,4,5,0,1,0,1831
8525,5,5,0,1,0,1831
8526,5,4,1,1,0,1832
8527,5,4,1,1,0,1832
8528,5,4,1,1,0,1832
8529,4,5,0,2,0,1832
8530,5,4,1,2,0,1832
8531,5,4,1,2,0,1832
8532,5,4,1,1,0,1832
8533,5,3,1,2,0,1832
8534,5,3,1,2,0,1832
8535,5,3,1,2,0,1833
8536,5,2,2,1,0,1833
8537,4,3,1,2,0,1833
8538,5,3,1,2,0,1833
8539,5,3,1,2,0,1833
8540,5,2,2,1,0,1834
8541,5,2,2,1,0,1834
8542,4,2,3,1,0,1835
8543,5,2,3,1,0,1835
8544,5,2,3,1,0,1835
8545,5,1,3,1,0,1835
8546,5,1,3,1,0,1835
8547,5,1,3,1,0,1835
8548,5,1,3,1,0,1836
8549,5,1,2,1,0,1836
8550,5,1,2,1,0,1836
8551,5,1,2,1,0,1837
8552,5,1,2,0,0,1837
8553,4,2,2,0,0,1837
8554,5,2,2,0,0,1837
8555,5,2,2,0,0,1837
8556,5,2,1,0,1,1837
8557,5,2,1,0,0,1838
8558,4,3,1,0,0,1838
8559,5,3,1,0,0,1839
8560,5,2,2,0,0,1839
8561,5,2,1,0,0,1839
8562,5,2,1,0,0,1839
8563,5,2,0,1,0,1840
8564,4,3,0,0,0,1840
8565,5,2,1,0,0,1840
8566,5,2,1,0,0,1840
8567,4,3,1,0,0,1840
8568,5,2,1,1,0,1841
8569,4,3,1,0,0,1841
8570,5,2,2,0,0,1841
8571,5,2,1,1,0,1841
8572,4,3,1,1,0,1842
8573,5,2,2,0,0,1842
8574,5,2,2,0,0,1842
8575,5,2,2,0,0,1843
8576,5,2,2,0,0,1843
8577,4,3,1,0,0,1843
8578,5,3,1,0,0,1843
8579,5,2,2,0,0,1844
8580,5,2,2,0,0,1844
8581,4,3,2,0,0,1844
8582,5,2,3,0,0,1844
8583,4,3,3,0,0,1844
8584,5,3,3,0,0,1844
8585,5,3,3,0,0,1844
8586,5,3,2,0,0,1844
8587,5,2,3,0,0,1844
8588,5,2,3,0,0,1844
8589,4,3,3,0,1,1844
8590,5,3,2,0,0,1845
8591,5,3,2,0,0,1845
8592,5,2,3,0,0,1845
8593,5,2,3,0,0,1846
8594,5,2,3,0,0,1846
8595,4,2,4,0,0,1846
8596,5,2,4,0,0,1846
8597,4,3,3,1,0,1846
8598,5,2,4,0,0,1846
8599,5,2,4,0,0,1846
8600,5,2,4,0,0,1846
8601,5,1,5,0,0,1847
8602,5,1,4,1,0,1847
8603,4,1,5,0,0,1847
8604,5,1,5,0,0,1847
8605,5,1,5,0,0,1847
8606,5,1,5,0,0,1848
8607,4,2,5,0,0,1848
8608,5,2,5,0,0,1848
8609,5,2,5,0,0,1848
8610,5,1,5,0,0,1849
8611,4,2,5,0,0,1849
8612,5,2,5,0,0,1849
8613,5,2,5,0,0,1849
8614,5,2,4,0,0,1849
8615,4,3,4,0,0,1849
8616,5,3,4,0,0,1849
8617,5,3,4,0,0,1849
8618,5,3,4,0,1,1849
8619,4,4,3,0,0,1850
8620,5,3,4,0,0,1850
8621,5,3,3,1,0,1850
8622,4,4,3,1,0,1850
8623,5,4,3,1,0,1851
8624,5,4,3,1,0,1851
8625,5,3,4,1,0,1851
8626,4,4,4,1,0,1851
8627,5,4,4,0,0,1851
8628,5,4,3,1,0,1851
8629,5,3,4,1,0,1851
8630,5,3,4,0,1,1851
8631,5,2,4,1,0,1852
8632,5,2,4,1,0,1852
8633,5,2,4,0,0,1853
8634,4,3,4,0,0,1853
8635,5,2,5,0,0,1853
8636,5,2,5,0,0,1853
8637,5,2,4,1,0,1854
8638,5,2,4,1,0,1854
8639,4,2,5,0,0,1854
8640,5,2,5,0,0,1854
8641,4,3,4,1,0,1854
8642,5,3,4,0,1,1854
8643,4,3,5,0,0,1855
8644,5,3,4,1,0,1855
8645,5,3,4,1,0,1855
8646,5,3,4,0,1,1855
8647,4,4,4,0,0,1856
8648,5,4,3,1,0,1856
8649,5,3,4,1,0,1857
8650,5,3,4,1,0,1857
8651,4,4,4,1,0,1857
8652,5,4,3,1,0,1857
8653,5,4,3,1,0,1857
8654,4,5,3,1,0,1857
8655,5,5,3,1,0,1857
8656,5,4,4,1,0,1857
8657,5,4,4,0,0,1858
8658,5,4,3,1,0,1858
8659,4,5,3,1,0,1858
8660,5,5,3,1,0,1859
8661,4,5,3,2,0,1859
8662,5,5,3,2,0,1859
8663,5,4,4,1,0,1859
8664,4,5,4,1,0,1859
8665,5,5,4,1,0,1860
8666,5,5,4,1,0,1860
8667,5,5,3,2,0,1860
8668,5,5,3,2,0,1860
8669,5,5,3,1,0,1860
8670,5,5,2,2,0,1860
8671,4,5,3,2,0,1860
8672,5,5,2,2,0,1861
8673,5,5,2,2,0,1861
8674,5,5,1,3,0,1861
8675,4,5,2,2,0,1862
8676,5,5,2,2,0,1862
8677,5,5,2,2,0,1862
8678,5,5,2,2,0,1863
8679,5,5,2,1,0,1863
8680,5,5,2,1,0,1863
8681,5,5,2,1,0,1864
8682,5,5,2,1,0,1864
8683,5,5,2,1,0,1864
8684,5,5,2,0,0,1864
8685,5,5,2,0,0,1864
8686,5,5,2,0,0,1864
8687,5,5,2,0,0,1865
8688,5,5,2,0,0,1865
8689,5,5,2,0,0,1865
8690,5,5,2,0,0,1866
8691,5,5,2,0,0,1866
8692,4,5,2,0,0,1866
8693,5,5,2,0,0,1866
8694,5,5,2,0,0,1866
8695,5,5,1,0,0,1866
8696,5,4,2,0,0,1866
8697,5,4,2,0,0,1867
8698,4,5,2,0,0,1867
8699,5,4,3,0,0,1867
8700,5,4,3,0,0,1868
8701,5,4,2,0,0,1868
8702,5,4,2,0,0,1868
8703,5,4,2,0,0,1868
8704,5,3,3,0,0,1868
8705,5,3,2,1,0,1868
8706,5,3,2,1,0,1868
8707,5,3,2,1,0,1868
8708,4,4,2,0,0,1868
8709,5,4,2,0,0,1868
8710,4,5,2,0,0,1869
8711,5,5,2,0,0,1869
8712,5,5,1,0,0,1869
8713,5,4,2,0,0,1869
8714,5,4,2,0,0,1870
8715,5,4,2,0,0,1870
8716,4,5,1,1,0,1870
8717,5,4,2,1,0,1870
8718,4,5,1,2,0,1870
8719,5,5,1,2,0,1870
8720,5,4,2,2,0,1870
8721,5,4,2,2,0,1870
8722,4,5,1,3,0,1870
8723,5,5,1,3,0,1870
8724,5,5,1,3,0,1870
8725,5,5,1,3,0,1870
8726,5,5,0,3,0,1870
8727,4,5,1,3,0,1870
8728,5,5,1,3,0,1870
8729,5,5,1,2,1,1870
8730,5,5,1,2,1,1870
8731,5,5,1,2,1,1870
8732,4,5,2,1,2,1870
8733,5,5,2,1,1,1871
8734,5,5,2,1,1,1871
8735,5,5,1,2,1,1871
8736,5,5,1,2,0,1872
8737,5,5,1,1,1,1872
8738,5,5,1,1,0,1873
8739,4,5,2,1,0,1873
8740,5,5,2,1,0,1873
8741,5,5,2,1,0,1874
8742,5,4,3,0,0,1874
8743,5,4,2,1,0,1874
8744,4,5,2,1,0,1874
8745,5,4,3,1,0,1874
8746,5,4,3,0,1,1874
8747,4,5,3,0,1,1874
8748,5,5,2,1,1,1874
8749,5,5,2,1,1,1874
8750,5,5,2,1,0,1875
8751,5,5,1,1,1,1875
8752,4,5,2,1,0,1876
8753,5,5,2,1,0,1876
8754,5,5,2,1,0,1876
8755,5,5,2,1,0,1876
8756,5,5,1,1,0,1877
8757,5,5,1,1,0,1877
8758,5,5,1,0,1,1877
8759,5,5,1,0,0,1878
8760,5,5,1,0,0,1878
8761,5,5,1,0,0,1878
8762,4,5,2,0,0,1878
8763,5,5,1,0,0,1879
8764,5,5,1,0,0,1879
8765,5,5,1,0,0,1879
8766,4,5,2,0,0,1879
8767,5,5,2,0,0,1880
8768,5,5,2,0,0,1880
8769,5,5,1,0,0,1880
8770,5,5,1,0,0,1881
8771,5,5,0,1,0,1881
8772,4,5,1,0,0,1881
8773,5,5,1,0,0,1881
8774,5,5,0,1,0,1881
8775,5,5,0,1,0,1881
8776,5,5,0,0,1,1881
8777,5,5,0,1,1,1881
8778,5,5,0,0,2,1881
8779,5,4,0,0,2,1881
8780,4,5,0,0,1,1882
8781,5,5,0,1,1,1882
8782,5,5,0,1,1,1882
8783,5,4,0,1,1,1882
8784,5,4,0,1,0,1883
8785,5,4,0,2,0,1883
8786,5,3,0,2,0,1883
8787,5,3,0,2,0,1883
8788,5,3,0,2,1,1883
8789,5,3,0,2,1,1883
8790,5,3,0,2,0,1884
8791,4,3,0,2,0,1884
8792,5,3,0,1,1,1884
8793,5,3,0,1,1,1884
8794,5,3,0,0,2,1884
8795,5,3,0,1,2,1884
8796,4,4,0,1,1,1885
8797,5,4,0,0,2,1885
8798,5,4,0,0,2,1885
8799,4,5,0,0,1,1886
8800,5,5,0,0,2,1886
8801,5,5,0,0,2,1886
8802,5,5,0,0,2,1886
8803,5,5,0,0,2,1886
8804,5,5,0,0,1,1887
8805,5,4,0,0,1,1887
8806,5,4,0,0,0,1888
8807,4,5,0,0,0,1888
8808,5,4,0,0,0,1888
8809,5,4,0,0,0,1889
8810,4,5,0,0,0,1889
8811,5,4,0,0,0,1889
8812,5,4,0,0,0,1889
8813,5,4,0,0,0,1890
8814,4,4,1,0,0,1890
8815,5,4,1,0,0,1890
8816,5,4,1,0,0,1890
8817,5,3,2,0,0,1891
8818,4,4,2,0,0,1891
8819,5,4,2,0,0,1891
8820,5,4,2,0,0,1891
8821,4,5,1,0,0,1891
8822,5,5,1,0,0,1891
8823,5,4,1,1,0,1891
8824,5,4,1,1,0,1891
8825,4,5,1,0,0,1891
8826,5,5,0,1,0,1891
8827,5,5,0,1,0,1891
8828,5,5,0,1,0,1892
8829,5,5,0,2,0,1892
8830,4,5,0,1,0,1892
8831,5,5,0,1,0,1892
8832,5,5,0,0,1,1892
8833,5,5,0,1,1,1892
8834,5,5,0,1,0,1893
8835,5,5,0,1,0,1893
8836,5,5,0,0,1,1893
8837,5,5,0,0,1,1893
8838,5,5,0,0,1,1893
8839,5,5,0,0,1,1894
8840,5,5,0,0,1,1894
8841,5,5,0,0,1,1894
8842,5,5,0,0,1,1894
8843,5,5,0,0,1,1894
8844,5,5,0,0,1,1894
8845,5,5,0,0,0,1895
8846,5,5,0,0,0,1895
8847,5,5,0,0,0,1896
8848,4,5,0,0,0,1896
8849,5,5,0,0,0,1896
8850,5,4,0,0,0,1896
8851,5,4,0,0,0,1896
8852,4,5,0,0,0,1896
8853,5,5,0,1,0,1896
8854,5,5,0,1,0,1896
8855,5,5,0,0,0,1896
8856,4,5,0,0,0,1896
8857,5,5,0,0,0,1896
8858,5,5,0,0,0,1897
8859,5,5,0,0,0,1897
8860,5,5,0,0,0,1897
8861,5,5,0,0,0,1898
8862,5,5,0,0,0,1898
8863,4,5,0,0,0,1898
8864,5,5,0,0,0,1898
8865,5,5,0,0,0,1898
8866,5,5,0,0,0,1898
8867,4,5,1,0,0,1899
8868,5,5,1,0,0,1899
8869,5,4,2,0,0,1899
8870,5,4,2,0,0,1899
8871,5,4,1,0,0,1899
8872,4,4,2,0,0,1899
8873,5,4,2,0,0,1899
8874,5,4,2,0,0,1899
8875,4,5,2,0,0,1899
8876,5,5,1,1,0,1899
8877,5,5,1,0,0,1899
8878,5,5,1,0,0,1899
8879,5,5,1,0,0,1899
8880,4,5,2,0,0,1900
8881,5,5,1,0,0,1900
8882,5,5,1,0,0,1901
8883,5,4,2,0,0,1901
8884,4,5,2,0,0,1901
8885,5,5,2,0,0,1901
8886,5,4,2,0,0,1902
8887,4,5,2,0,0,1902
8888,5,5,2,0,0,1902
8889,5,5,2,0,0,1902
8890,5,5,2,0,0,1902
8891,5,4,3,0,0,1902
8892,5,4,3,0,0,1903
8893,5,3,3,0,0,1903
8894,4,4,3,0,0,1903
8895,5,4,3,0,0,1903
8896,5,4,2,0,0,1903
8897,4,5,2,0,0,1903
8898,5,4,3,0,0,1903
8899,5,4,3,0,0,1903
8900,4,5,3,0,1,1903
8901,5,5,2,0,1,1903
8902,5,5,2,0,1,1903
8903,4,5,3,0,1,1903
8904,5,5,3,0,2,1903
8905,5,5,3,0,2,1903
8906,5,5,3,0,2,1903
8907,4,5,3,0,1,1904
8908,5,5,3,0,1,1904
8909,5,5,3,0,1,1904
8910,4,5,3,0,1,1905
8911,5,5,3,0,1,1905
8912,5,5,2,1,1,1905
8913,5,5,2,0,1,1906
8914,5,5,2,0,1,1906
8915,4,5,2,1,1,1906
8916,5,5,2,1,0,1907
8917,4,5,3,0,1,1907
8918,5,5,3,0,1,1907
8919,5,5,3,0,1,1907
8920,5,5,3,0,1,1908
8921,5,4,4,0,1,1908
8922,4,5,3,0,1,1908
8923,5,5,3,0,1,1908
8924,5,4,4,0,1,1908
8925,5,4,3,1,0,1909
8926,4,5,3,1,0,1909
8927,5,5,3,1,0,1909
8928,5,5,3,1,0,1910
8929,4,5,4,1,0,1910
8930,5,5,4,1,0,1910
8931,5,4,4,1,0,1910
8932,4,5,4,1,0,1910
8933,5,5,4,1,0,1911
8934,5,5,4,1,0,1911
8935,5,5,4,1,0,1911
8936,5,4,4,2,0,1911
8937,4,5,4,2,0,1911
8938,5,4,4,2,0,1911
8939,5,4,4,2,0,1911
8940,5,4,4,2,0,1911
8941,5,3,5,2,0,1912
8942,5,3,5,2,0,1912
8943,4,4,5,2,0,1912
8944,5,3,5,3,0,1912
8945,4,4,5,3,0,1912
8946,5,4,5,3,0,1912
8947,5,3,5,3,0,1912
8948,4,4,5,3,0,1912
8949,5,4,5,3,0,1913
8950,5,4,5,2,0,1913
8951,4,5,5,2,0,1913
8952,5,5,5,2,0,1913
8953,5,5,5,2,0,1914
8954,4,5,5,2,0,1914
8955,5,5,5,2,0,1914
8956,5,5,5,2,0,1914
8957,5,5,4,2,1,1914
8958,5,5,4,2,1,1914
8959,4,5,5,2,1,1914
8960,5,5,5,1,1,1915
8961,5,5,5,1,1,1915
8962,5,5,5,1,1,1915
8963,5,5,5,1,1,1915
8964,5,5,5,0,1,1916
8965,5,5,5,0,1,1916
8966,5,5,5,0,1,1916
8967,5,5,5,0,1,1916
8968,5,5,5,0,1,1916
8969,5,5,5,0,1,1916
8970,5,5,5,0,2,1916
8971,4,5,5,0,1,1917
8972,5,5,5,0,1,1917
8973,5,5,5,0,0,1918
8974,5,5,5,0,1,1918
8975,5,5,5,0,1,1918
8976,4,5,5,0,0,1919
8977,5,5,5,0,0,1919
8978,5,5,5,0,0,1920
8979,5,5,5,0,0,1920
8980,5,5,5,0,0,1920
8981,5,5,5,0,0,1920
8982,5,5,5,0,0,1920
8983,4,5,5,0,0,1921
8984,5,5,5,0,0,1921
8985,5,5,5,0,0,1921
8986,5,5,4,0,0,1921
8987,5,5,4,0,0,1921
8988,4,5,4,1,0,1921
8989,5,5,4,1,0,1921
8990,5,5,3,1,0,1922
8991,5,5,3,1,0,1922
8992,5,4,4,1,0,1922
8993,4,5,3,2,0,1923
8994,5,5,3,2,0,1923
8995,5,4,4,1,0,1923
8996,4,5,3,2,0,1923
8997,5,5,3,2,0,1924
8998,5,5,3,1,0,1924
8999,5,5,3,1,0,1924
9000,5,5,2,1,1,1924
9001,5,5,2,1,1,1924
9002,4,5,3,1,0,1925
9003,5,5,2,2,0,1925
9004,5,5,2,2,0,1925
9005,5,4,3,2,0,1925
9006,5,4,3,2,0,1925
9007,5,4,3,2,0,1925
9008,5,4,3,1,1,1925
9009,5,4,3,1,0,1926
9010,4,4,4,1,0,1926
9011,5,4,4,1,0,1926
9012,5,4,3,2,0,1926
9013,5,4,3,2,0,1926
9014,5,4,3,2,0,1927
9015,5,4,2,3,0,1927
9016,5,4,2,2,0,1927
9017,5,3,2,3,0,1927
9018,4,4,2,3,0,1927
9019,5,4,2,3,0,1927
9020,4,5,2,3,0,1928
9021,5,5,2,2,0,1928
9022,5,5,2,2,0,1928
9023,5,5,2,2,0,1928
9024,5,5,1,3,0,1929
9025,4,5,2,3,0,1929
9026,5,5,2,2,0,1929
9027,5,5,2,2,0,1929
9028,5,5,2,2,0,1930
9029,4,5,2,3,0,1930
9030,5,5,2,3,0,1930
9031,5,5,2,2,0,1930
9032,4,5,3,2,0,1930
9033,5,5,2,3,0,1930
9034,5,4,3,2,1,1930
9035,4,5,3,2,0,1931
9036,5,5,3,2,0,1931
9037,5,5,3,2,0,1931
9038,5,4,4,2,0,1931
9039,5,4,3,3,0,1931
9040,4,5,3,3,0,1931
9041,5,5,2,3,0,1932
9042,5,5,2,3,0,1932
9043,5,5,2,3,0,1932
9044,5,5,2,3,0,1932
9045,4,5,2,4,0,1932
9046,5,5,2,4,0,1932
9047,5,5,2,4,0,1932
9048,4,5,3,3,1,1932
9049,5,5,2,4,1,1932
9050,5,5,2,4,0,1933
9051,5,5,1,4,1,1933
9052,4,5,2,4,1,1933
9053,5,5,1,5,1,1933
9054,5,5,1,4,2,1933
9055,5,5,1,4,2,1933
9056,5,5,0,5,2,1933
9057,5,5,0,5,1,1934
9058,5,5,0,5,1,1934
9059,5,5,0,4,2,1934
9060,5,5,0,4,2,1934
9061,4,5,1,4,1,1935
9062,5,5,0,5,1,1935
9063,5,4,1,4,2,1935
9064,5,4,1,4,1,1936
9065,5,4,0,5,1,1936
9066,5,4,0,5,1,1936
9067,4,5,0,5,0,1937
9068,5,5,0,5,0,1937
9069,5,5,0,5,0,1938
9070,5,5,0,5,0,1938
9071,5,5,0,5,0,1938
9072,4,5,1,5,0,1938
9073,5,5,0,5,0,1938
9074,5,5,0,5,0,1938
9075,5,5,0,5,0,1938
9076,5,5,0,5,1,1938
9077,5,5,0,5,1,1938
9078,4,5,0,5,1,1938
9079,5,5,0,5,0,1939
9080,5,4,1,5,0,1939
9081,5,4,1,5,0,1939
9082,4,5,1,5,0,1940
9083,5,5,1,5,0,1940
9084,5,4,2,5,0,1940
9085,5,4,1,5,0,1940
9086,5,4,1,5,0,1940
9087,5,4,1,5,0,1940
9088,5,4,1,5,0,1940
9089,5,3,2,4,1,1940
9090,5,3,2,4,0,1941
9091,4,4,1,4,1,1941
9092,5,3,2,4,1,1941
9093,4,4,2,4,0,1942
9094,5,4,1,4,1,1942
9095,5,4,1,4,1,1942
9096,5,3,1,5,1,1942
9097,5,3,1,5,0,1943
9098,5,3,1,4,1,1943
9099,5,2,2,4,1,1943
9100,4,3,2,3,2,1943
9101,5,3,1,4,1,1944
9102,5,3,1,4,1,1944
9103,4,3,2,4,1,1944
9104,5,3,2,4,0,1945
9105,4,4,2,3,1,1945
9106,5,4,2,3,1,1945
9107,5,4,2,3,1,1945
9108,5,3,2,4,0,1946
9109,4,4,2,4,0,1946
9110,5,4,2,3,1,1946
9111,5,4,2,3,1,1946
9112,5,4,2,3,0,1947
9113,4,5,1,4,0,1947
9114,5,5,1,4,0,1948
9115,5,5,1,4,0,1948
9116,5,5,1,4,0,1948
9117,5,5,0,4,0,1948
9118,4,5,1,4,0,1948
9119,5,5,1,4,0,1948
9120,5,4,1,5,0,1948
9121,4,5,1,5,0,1948
9122,5,5,1,5,0,1948
9123,5,5,1,5,0,1948
9124,5,4,2,5,0,1949
9125,5,4,2,5,0,1949
9126,5,4,1,5,0,1949
9127,5,4,1,5,0,1949
9128,5,3,2,5,0,1949
9129,5,3,2,4,0,1950
9130,5,3,1,5,0,1950
9131,5,3,1,5,0,1950
9132,4,3,2,5,0,1950
9133,5,3,2,4,1,1950
9134,5,3,2,4,1,1950
9135,5,2,3,3,2,1950
9136,4,3,2,4,1,1951
9137,5,3,2,4,1,1951
9138,5,2,3,4,1,1951
9139,5,2,2,4,1,1952
9140,5,2,2,4,1,1952
9141,5,2,2,4,1,1952
9142,5,2,1,4,2,1952
9143,5,1,2,4,1,1953
9144,5,1,2,4,1,1953
9145,4,2,2,4,1,1953
9146,5,1,2,5,1,1953
9147,5,1,2,5,1,1953
9148,4,2,2,5,1,1953
9149,5,1,2,5,2,1953
9150,5,1,2,5,1,1954
9151,4,2,2,5,1,1954
9152,5,1,3,5,1,1954
9153,5,1,2,5,1,1955
9154,5,1,2,5,1,1955
9155,4,1,3,5,0,1956
9156,5,1,3,5,0,1956
9157,5,1,3,5,0,1956
9158,4,2,3,5,0,1956
9159,5,2,3,5,0,1957
9160,4,3,3,5,0,1957
9161,5,3,2,5,0,1957
9162,5,3,2,5,0,1957
9163,4,4,2,5,0,1957
9164,5,4,2,5,0,1958
9165,4,4,2,5,0,1958
9166,5,4,2,5,0,1958
9167,5,4,2,5,0,1958
9168,4,5,1,5,0,1959
9169,5,5,1,5,0,1959
9170,5,5,1,4,0,1960
9171,5,4,2,4,0,1960
9172,5,4,2,4,0,1961
9173,5,4,2,4,0,1961
9174,5,4,2,4,0,1961
9175,4,5,1,4,0,1961
9176,5,4,2,4,0,1961
9177,5,4,2,4,0,1961
9178,4,5,1,5,0,1961
9179,5,5,1,5,0,1962
9180,5,5,1,5,0,1962
9181,5,4,2,5,0,1962
9182,5,4,1,5,0,1962
9183,5,4,1,5,0,1962
9184,5,4,1,5,0,1962
9185,4,4,2,5,0,1962
9186,5,4,2,5,0,1962
9187,4,5,1,5,1,1962
9188,5,5,1,5,1,1962
9189,5,4,2,5,1,1962
9190,5,4,2,4,1,1963
9191,5,4,1,5,1,1963
9192,4,4,2,5,1,1963
9193,5,4,2,5,1,1963
9194,5,3,3,5,1,1963
9195,5,3,3,4,2,1963
9196,5,3,3,4,2,1963
9197,5,3,2,5,2,1963
9198,5,3,2,5,2,1963
9199,5,2,2,5,3,1963
9200,4,3,2,5,3,1963
9201,5,3,2,5,2,1964
9202,5,3,2,4,3,1964
9203,4,4,1,5,3,1964
9204,5,3,2,5,3,1964
9205,5,3,2,4,3,1965
9206,5,3,1,5,3,1965
9207,4,4,1,5,3,1965
9208,5,4,1,4,4,1965
9209,5,4,1,4,4,1965
9210,5,3,1,5,4,1965
9211,4,4,1,4,4,1966
9212,5,3,2,4,4,1966
9213,4,4,1,5,4,1966
9214,5,3,2,4,5,1966
9215,5,3,2,4,5,1966
9216,5,3,1,5,4,1967
9217,5,2,2,4,5,1967
9218,4,3,2,4,4,1968
9219,5,3,2,3,5,1968
9220,5,3,1,4,5,1968
9221,4,3,2,4,5,1968
9222,5,3,1,5,5,1968
9223,5,3,1,4,5,1969
9224,5,2,1,5,5,1969
9225,5,2,1,5,5,1969
9226,5,2,1,5,5,1969
9227,4,2,2,4,5,1970
9228,5,2,2,4,5,1970
9229,5,1,3,4,5,1970
9230,4,2,3,4,5,1970
9231,5,2,3,3,5,1971
9232,5,1,4,3,5,1971
9233,5,1,3,4,5,1971
9234,4,2,3,4,5,1971
9235,5,2,3,4,5,1971
9236,5,2,3,4,5,1971
9237,4,2,3,4,5,1972
9238,5,2,3,4,5,1972
9239,5,2,3,4,4,1973
9240,4,3,3,3,5,1973
9241,5,3,3,3,5,1973
9242,4,4,3,3,4,1974
9243,5,4,2,4,4,1974
9244,5,3,3,3,5,1974
9245,5,3,3,3,5,1974
9246,4,4,3,3,5,1974
9247,5,4,2,4,5,1974
9248,5,3,3,4,5,1974
9249,4,4,3,4,5,1974
9250,5,4,2,4,5,1975
9251,5,3,3,4,5,1975
9252,5,3,3,4,5,1975
9253,4,4,3,4,5,1975
9254,5,4,2,5,4,1976
9255,5,3,3,4,5,1976
9256,5,3,3,4,5,1976
9257,5,3,2,5,5,1976
9258,5,3,2,5,4,1977
9259,4,4,1,5,5,1977
9260,5,3,2,5,5,1977
9261,4,4,2,5,5,1977
9262,5,4,2,5,5,1977
9263,5,4,2,5,5,1977
9264,5,3,3,5,5,1977
9265,5,3,3,5,5,1977
9266,5,3,3,5,5,1977
9267,5,3,3,5,5,1977
9268,5,2,4,5,5,1977
9269,4,3,4,5,5,1977
9270,5,3,3,5,5,1978
9271,4,3,4,5,5,1978
9272,5,3,4,5,5,1978
9273,5,3,3,5,5,1979
9274,5,3,3,5,5,1979
9275,5,3,3,5,5,1979
9276,4,3,4,5,5,1979
9277,5,3,4,5,5,1979
9278,5,3,4,5,5,1979
9279,4,3,5,5,5,1979
9280,5,3,5,5,5,1979
9281,5,3,4,5,5,1980
9282,5,2,5,5,5,1980
9283,4,3,5,5,5,1980
9284,5,3,5,5,5,1980
9285,5,3,5,5,5,1980
9286,5,3,5,5,5,1980
9287,5,3,5,5,5,1980
9288,5,3,5,5,5,1980
9289,5,3,5,5,5,1980
9290,5,3,5,5,5,1980
9291,5,2,5,5,5,1981
9292,5,2,5,5,5,1981
9293,5,2,5,5,4,1982
9294,4,3,5,5,4,1982
9295,5,3,5,4,5,1982
9296,5,3,5,4,4,1983
9297,5,2,5,4,5,1983
9298,4,3,5,4,5,1983
9299,5,3,4,5,5,1983
9300,5,2,5,5,5,1983
9301,5,2,5,5,5,1983
9302,5,2,5,5,5,1983
9303,4,3,4,5,5,1984
9304,5,2,5,5,5,1984
9305,5,2,5,5,5,1984
9306,4,3,5,5,4,1985
9307,5,3,5,5,4,1985
9308,5,3,5,5,4,1985
9309,5,3,5,5,3,1986
9310,5,2,5,5,4,1986
9311,5,2,5,5,4,1986
9312,5,2,5,5,4,1986
9313,5,2,5,5,4,1986
9314,5,2,5,5,4,1986
9315,4,3,4,5,4,1987
9316,5,3,4,5,4,1987
9317,5,2,5,5,4,1987
9318,4,3,4,5,4,1988
9319,5,3,4,5,4,1988
9320,5,2,5,5,4,1988
9321,4,3,5,5,4,1988
9322,5,3,5,5,4,1988
9323,4,4,5,5,3,1989
9324,5,3,5,5,4,1989
9325,4,4,5,5,4,1989
9326,5,4,5,5,4,1989
9327,4,5,5,4,5,1989
9328,5,5,5,4,4,1990
9329,5,5,4,5,4,1990
9330,5,4,5,4,5,1990
9331,5,4,5,4,5,1990
9332,5,4,5,4,4,1991
9333,5,4,5,3,5,1991
9334,5,4,5,3,5,1991
9335,4,5,5,3,4,1992
9336,5,4,5,4,4,1992
9337,4,5,5,4,4,1992
9338,5,5,4,4,4,1993
9339,5,5,4,4,4,1993
9340,5,4,5,4,4,1993
9341,4,5,4,4,5,1993
9342,5,5,4,4,4,1994
9343,5,5,4,4,4,1994
9344,5,5,4,4,4,1994
9345,5,4,4,4,5,1994
9346,4,5,4,4,5,1994
9347,5,5,4,4,5,1994
9348,5,4,5,4,5,1994
9349,5,4,5,4,5,1994
9350,5,4,5,4,5,1994
9351,5,4,5,3,5,1995
9352,4,5,5,3,5,1995
9353,5,5,5,3,5,1995
9354,5,4,5,4,5,1995
9355,5,4,5,4,4,1996
9356,4,5,4,4,5,1996
9357,5,5,4,4,4,1997
9358,5,5,4,3,5,1997
9359,5,5,3,4,5,1997
9360,5,5,3,4,4,1998
9361,5,5,3,3,5,1998
9362,4,5,4,3,5,1998
9363,5,5,4,3,5,1998
9364,5,5,4,3,5,1998
9365,5,5,4,3,5,1998
9366,5,5,3,4,4,1999
9367,5,5,3,3,5,1999
9368,4,5,4,3,5,1999
9369,5,5,4,3,4,2000
9370,5,5,3,3,5,2000
9371,5,5,3,3,4,2001
9372,5,5,2,4,4,2001
9373,5,5,2,3,5,2001
9374,4,5,3,3,4,2002
9375,5,5,3,3,4,2002
9376,5,5,3,3,4,2002
9377,5,5,3,2,4,2003
9378,4,5,3,3,4,2003
9379,5,5,3,2,5,2003
9380,5,5,3,2,5,2003
9381,5,5,3,2,5,2003
9382,5,5,2,3,4,2004
9383,5,5,2,3,4,2004
9384,5,4,2,4,4,2004
9385,5,4,2,4,3,2005
9386,5,4,2,4,3,2005
9387,5,4,1,4,4,2005
9388,4,5,1,4,4,2005
9389,5,4,1,5,3,2006
9390,4,5,1,5,3,2006
9391,5,5,1,4,3,2007
9392,5,5,1,4,3,2007
9393,5,5,1,4,2,2008
9394,5,4,1,5,2,2008
9395,5,4,1,4,3,2008
9396,5,4,0,5,3,2008
9397,5,3,1,5,3,2008
9398,4,4,1,5,3,2008
9399,5,4,0,5,4,2008
9400,5,4,0,5,4,2008
9401,4,5,0,5,4,2008
9402,5,4,1,5,3,2009
9403,5,4,1,5,3,2009
9404,5,4,1,4,4,2009
9405,4,5,1,4,4,2009
9406,5,4,1,4,4,2010
9407,5,4,1,4,4,2010
9408,5,4,1,4,3,2011
9409,5,4,1,3,4,2011
9410,5,3,2,3,4,2011
9411,5,3,1,4,4,2011
9412,4,4,1,3,4,2012
9413,5,4,0,4,4,2012
9414,5,4,0,4,4,2012
9415,5,4,0,3,5,2012
9416,4,5,0,3,5,2012
9417,5,5,0,3,5,2012
9418,5,5,0,3,5,2013
9419,5,5,0,3,5,2013
9420,5,5,0,3,5,2013
9421,4,5,0,2,5,2014
9422,5,5,0,2,5,2014
9423,5,5,0,2,5,2014
9424,5,5,0,3,5,2014
9425,5,5,0,3,5,2014
9426,4,5,0,3,5,2014
9427,5,5,0,3,5,2014
9428,5,5,0,4,5,2014
9429,5,5,0,4,5,2014
9430,5,5,0,4,5,2014
9431,5,5,0,4,5,2014
9432,4,5,0,4,5,2014
9433,5,5,0,4,5,2014
9434,5,5,0,3,5,2015
9435,5,5,0,3,5,2015
9436,5,4,1,3,4,2016
9437,5,4,0,3,5,2016
9438,4,5,0,3,5,2016
9439,5,4,1,3,5,2016
9440,5,4,1,3,4,2017
9441,5,4,1,3,4,2017
9442,5,4,1,3,4,2017
9443,5,3,1,3,4,2018
9444,5,3,1,3,4,2018
9445,5,3,1,3,3,2019
9446,5,3,1,3,3,2019
9447,4,4,0,4,3,2019
9448,5,3,1,4,3,2019
9449,5,3,1,4,3,2019
9450,5,3,1,3,4,2019
9451,4,3,2,3,4,2019
9452,5,3,1,4,4,2019
9453,5,3,1,4,4,2019
9454,4,3,2,4,4,2019
9455,5,3,1,4,4,2020
9456,5,3,1,4,4,2020
9457,4,3,2,4,3,2021
9458,5,3,2,4,3,2021
9459,5,3,2,3,4,2021
9460,5,2,3,3,4,2021
9461,5,2,3,3,3,2022
9462,5,2,3,2,4,2022
9463,4,2,4,2,3,2023
9464,5,2,3,3,3,2023
9465,5,2,3,2,3,2024
9466,5,1,4,2,3,2024
9467,5,1,4,2,2,2025
9468,5,1,4,1,3,2025
9469,5,1,4,1,3,2025
9470,5,1,4,1,2,2026
9471,5,1,4,1,2,2026
9472,5,1,4,1,2,2026
9473,5,0,5,0,2,2027
9474,5,0,5,0,2,2027
9475,5,0,4,1,1,2028
9476,5,0,4,1,1,2028
9477,5,0,4,1,1,2028
9478,4,0,4,2,1,2028
9479,5,0,4,2,1,2028
9480,5,0,4,1,2,2028
9481,4,1,4,1,2,2028
9482,5,1,3,2,1,2029
9483,4,2,3,1,2,2029
9484,5,2,3,1,2,2029
9485,5,2,3,1,1,2030
9486,4,2,3,1,2,2030
9487,5,2,3,1,2,2030
9488,5,2,3,1,1,2031
9489,4,2,4,1,1,2031
9490,5,2,4,1,1,2031
9491,5,2,3,1,1,2032
9492,5,1,4,1,1,2032
9493,5,1,3,2,0,2033
9494,5,1,3,2,0,2033
9495,4,1,4,2,0,2033
9496,5,1,3,3,0,2033
9497,5,0,4,2,1,2033
9498,4,1,4,2,0,2034
9499,5,1,4,1,1,2034
9500,5,0,4,2,1,2034
9501,5,0,4,2,0,2035
9502,5,0,4,2,0,2035
9503,5,0,3,3,0,2036
9504,4,1,3,3,0,2036
9505,5,1,2,4,0,2036
9506,5,0,3,4,0,2036
9507,5,0,3,4,0,2036
9508,5,0,3,4,0,2036
9509,5,0,3,4,0,2036
9510,5,0,3,4,0,2036
9511,5,0,3,4,0,2036
9512,5,0,3,4,0,2037
9513,4,0,2,5,0,2037
9514,5,0,2,5,0,2037
9515,5,0,2,5,0,2037
9516,5,0,2,5,0,2037
9517,5,0,2,5,0,2037
9518,5,0,2,5,0,2038
9519,4,0,2,5,0,2038
9520,5,0,1,5,0,2038
9521,5,0,1,5,0,2038
9522,5,0,1,5,0,2039
9523,5,0,1,4,0,2039
9524,4,0,2,4,0,2039
9525,5,0,2,4,0,2039
9526,5,0,2,3,1,2039
9527,5,0,2,3,0,2040
9528,4,1,2,3,0,2040
9529,5,1,1,4,0,2040
9530,5,1,1,3,1,2040
9531,4,1,1,4,1,2040
9532,5,1,1,4,0,2041
9533,4,2,1,3,1,2041
9534,5,2,0,4,1,2041
9535,5,1,1,3,2,2041
9536,5,1,1,3,2,2041
9537,5,1,1,3,1,2042
9538,4,2,0,3,2,2042
9539,5,1,1,3,1,2043
9540,5,1,0,4,1,2043
9541,4,2,0,4,1,2043
9542,5,2,0,4,0,2044
9543,4,3,0,4,0,2044
9544,5,3,0,4,0,2044
9545,4,3,1,4,0,2045
9546,5,3,1,4,0,2045
9547,5,3,0,4,0,2045
9548,4,3,1,4,0,2045
9549,5,3,0,5,0,2045
9550,5,3,0,4,1,2045
9551,5,3,0,4,0,2046
9552,5,3,0,5,0,2046
9553,5,3,0,4,1,2046
9554,4,3,0,4,0,2047
9555,5,3,0,4,0,2047
9556,4,4,0,4,0,2048
9557,5,4,0,3,0,2048
9558,5,4,0,4,0,2048
9559,5,4,0,4,0,2048
9560,5,4,0,4,0,2049
9561,5,4,0,4,0,2049
9562,5,4,0,3,0,2049
9563,4,5,0,3,0,2049
9564,5,5,0,3,0,2050
9565,5,5,0,3,0,2050
9566,5,5,0,3,0,2050
9567,5,5,0,2,0,2050
9568,5,5,0,2,0,2050
9569,5,5,0,2,0,2050
9570,4,5,0,2,0,2050
9571,5,5,0,1,0,2051
9572,5,5,0,1,0,2051
9573,5,5,0,1,0,2051
9574,5,4,0,1,1,2051
9575,4,5,0,1,1,2051
9576,5,5,0,1,0,2052
9577,5,4,0,1,1,2052
9578,5,4,0,1,1,2052
9579,4,5,0,1,1,2052
9580,5,5,0,1,1,2052
9581,5,5,0,1,1,2052
9582,4,5,1,0,2,2052
9583,5,5,1,0,2,2052
9584,5,5,1,0,2,2052
9585,5,5,0,1,2,2052
9586,4,5,1,1,2,2052
9587,5,5,1,1,2,2052
9588,5,4,1,2,1,2053
9589,5,4,1,2,1,2053
9590,5,4,1,2,1,2053
9591,5,4,1,2,0,2054
9592,5,4,0,2,1,2054
9593,4,4,1,2,1,2054
9594,5,4,0,3,0,2055
9595,4,5,0,3,0,2055
9596,5,4,1,2,1,2055
9597,5,4,1,2,0,2056
9598,4,5,1,2,0,2056
9599,5,4,2,2,0,2056
9600,4,5,1,2,0,2057
9601,5,5,1,2,0,2057
9602,5,5,0,3,0,2057
9603,5,5,0,2,1,2057
9604,4,5,1,2,1,2057
9605,5,5,0,2,2,2057
9606,5,5,0,2,2,2057
9607,5,4,1,2,2,2057
9608,4,5,0,2,3,2057
9609,5,5,0,2,2,2058
9610,5,5,0,2,2,2058
9611,5,5,0,3,2,2058
9612,5,5,0,3,2,2058
9613,5,5,0,3,1,2059
9614,5,5,0,3,1,2059
9615,5,5,0,3,0,2060
9616,4,5,0,2,1,2060
9617,5,5,0,2,1,2060
9618,5,5,0,2,1,2060
9619,5,5,0,3,0,2061
9620,4,5,0,3,0,2061
9621,5,5,0,3,0,2061
9622,5,5,0,3,1,2061
9623,5,5,0,3,1,2061
9624,5,4,0,3,0,2062
9625,4,5,0,3,0,2062
9626,5,5,0,3,1,2062
9627,5,4,0,3,1,2062
9628,5,4,0,3,1,2062
9629,5,4,0,3,0,2063
9630,5,4,0,2,1,2063
9631,4,5,0,3,0,2064
9632,5,5,0,3,0,2064
9633,4,5,0,3,0,2064
9634,5,5,0,3,0,2064
9635,5,5,0,3,0,2065
9636,5,5,0,3,0,2065
9637,5,5,0,4,0,2065
9638,5,5,0,4,0,2065
9639,5,4,0,3,0,2065
9640,4,5,0,3,0,2065
9641,5,4,0,4,0,2066
9642,5,4,0,3,0,2066
9643,4,4,1,3,0,2066
9644,5,4,0,4,0,2067
9645,4,5,0,3,0,2067
9646,5,5,0,3,0,2067
9647,5,4,0,4,0,2067
9648,4,5,0,4,0,2068
9649,5,5,0,4,0,2068
9650,5,5,0,5,0,2068
9651,5,5,0,4,0,2068
9652,5,5,0,4,0,2068
9653,5,5,0,4,0,2069
9654,4,5,0,4,0,2069
9655,5,5,0,4,0,2069
9656,5,5,0,5,0,2069
9657,5,5,0,5,0,2069
9658,5,4,0,5,0,2069
9659,4,5,0,5,0,2069
9660,5,5,0,4,0,2069
9661,5,5,0,4,0,2069
9662,5,5,0,5,0,2070
9663,5,5,0,5,0,2070
9664,5,5,0,4,0,2070
9665,5,5,0,4,0,2070
9666,5,5,0,3,1,2070
9667,5,5,0,3,1,2070
9668,5,5,0,3,0,2071
9669,5,5,0,3,0,2071
9670,5,5,0,2,1,2071
9671,5,5,0,2,1,2071
9672,5,5,0,2,0,2072
9673,4,5,0,1,1,2072
9674,5,5,0,1,1,2072
9675,5,5,0,1,0,2073
9676,5,5,0,2,0,2073
9677,5,5,0,2,0,2073
9678,5,5,0,2,0,2073
9679,5,5,0,2,0,2073
9680,5,5,0,2,0,2073
9681,4,5,0,1,0,2074
9682,5,5,0,1,0,2074
9683,5,5,0,1,0,2074
9684,5,5,0,2,0,2074
9685,5,5,0,2,0,2074
9686,4,5,0,1,0,2075
9687,5,5,0,1,0,2075
9688,5,5,0,2,0,2075
9689,5,5,0,2,0,2075
9690,4,5,0,2,0,2076
9691,5,5,0,2,0,2076
9692,5,5,0,1,0,2076
9693,4,5,1,1,0,2076
9694,5,5,1,1,0,2077
9695,5,5,1,0,0,2077
9696,5,5,0,1,0,2077
9697,5,5,0,0,1,2077
9698,5,5,0,0,0,2078
9699,5,5,0,0,0,2078
9700,5,5,0,1,0,2078
9701,4,5,0,1,0,2078
9702,5,5,0,1,0,2078
9703,5,5,0,1,0,2079
9704,5,5,0,1,0,2079
9705,5,4,1,0,0,2079
9706,4,5,1,0,0,2079
9707,5,5,1,0,1,2079
9708,5,5,0,0,1,2079
9709,5,4,1,0,0,2080
9710,4,5,1,0,0,2080
9711,5,5,1,0,0,2081
9712,5,4,2,0,0,2081
9713,5,4,1,0,0,2081
9714,4,5,1,0,0,2081
9715,5,5,1,0,0,2082
9716,4,5,2,0,0,2082
9717,5,5,2,0,0,2082
9718,5,5,1,0,0,2082
9719,5,4,2,0,0,2083
9720,5,4,2,0,0,2083
9721,4,5,2,0,0,2083
9722,5,4,3,0,0,2083
9723,5,4,3,0,0,2083
9724,5,4,3,0,0,2083
9725,5,4,2,0,0,2083
9726,5,4,2,0,0,2083
9727,5,4,2,0,0,2083
9728,5,4,2,0,0,2084
9729,4,4,3,0,0,2084
9730,5,4,2,0,0,2084
9731,5,4,2,0,0,2084
9732,4,5,2,0,1,2084
9733,5,4,3,0,1,2084
9734,4,5,3,0,1,2084
9735,5,5,3,0,1,2084
9736,5,5,3,0,1,2084
9737,5,5,3,0,1,2084
9738,5,5,2,0,1,2084
9739,4,5,3,0,0,2085
9740,5,5,3,0,0,2085
9741,5,5,2,1,0,2086
9742,4,5,3,1,0,2086
9743,5,5,3,0,0,2086
9744,5,5,3,0,0,2086
9745,4,5,4,0,0,2086
9746,5,5,3,0,1,2086
9747,5,4,4,0,0,2087
9748,5,4,4,0,0,2087
9749,5,4,3,1,0,2087
9750,5,3,4,1,0,2087
9751,5,3,4,1,0,2087
9752,4,4,3,2,0,2087
9753,5,4,3,2,0,2088
9754,5,3,4,1,0,2088
9755,5,3,3,2,0,2088
9756,5,3,3,2,0,2088
9757,5,3,3,1,1,2088
9758,4,3,3,2,1,2088
9759,5,3,3,2,0,2089
9760,5,3,3,1,1,2089
9761,4,4,2,2,1,2089
9762,5,4,2,2,1,2089
9763,5,4,2,2,0,2090
9764,5,3,2,3,0,2090
9765,4,4,2,3,0,2090
9766,5,3,3,3,0,2090
9767,5,3,2,4,0,2090
9768,5,3,2,4,0,2091
9769,4,3,2,4,0,2091
9770,5,3,2,4,0,2091
9771,4,4,2,4,0,2091
9772,5,4,2,4,0,2091
9773,5,3,2,5,0,2091
9774,5,3,2,5,0,2091
9775,5,3,2,5,0,2092
9776,5,2,3,5,0,2092
9777,5,2,2,5,0,2092
9778,4,3,2,5,0,2092
9779,5,3,2,5,0,2092
9780,5,2,3,4,0,2093
9781,5,2,3,4,0,2093
9782,5,2,3,4,0,2093
9783,5,2,3,4,0,2094
9784,5,1,4,4,0,2094
9785,4,2,3,5,0,2094
9786,5,2,3,5,0,2094
9787,5,1,4,5,0,2094
9788,5,1,4,5,0,2094
9789,5,1,4,5,0,2094
9790,5,0,5,5,0,2094
9791,4,1,5,5,0,2094
9792,5,1,5,5,0,2094
9793,5,1,4,5,0,2094
9794,4,2,4,5,0,2094
9795,5,1,5,5,0,2094
9796,5,1,5,5,0,2095
9797,4,2,5,5,0,2095
9798,5,2,5,5,0,2095
9799,4,2,5,5,0,2095
9800,5,2,5,5,0,2095
9801,5,2,5,5,0,2095
9802,4,3,5,5,0,2095
9803,5,3,5,5,0,2095
9804,4,4,5,5,0,2095
9805,5,4,5,5,0,2095
9806,5,4,5,5,0,2095
9807,4,5,5,5,0,2095
9808,5,5,5,5,0,2095
9809,5,5,5,5,0,2095
9810,5,5,5,5,0,2096
9811,4,5,5,5,0,2096
9812,5,5,5,5,0,2096
9813,5,5,5,5,0,2096
9814,5,5,5,5,0,2096
9815,4,5,5,5,1,2096
9816,5,5,5,5,0,2097
9817,5,5,5,5,0,2097
9818,5,5,5,4,1,2097
9819,5,5,4,5,1,2097
9820,5,5,4,5,0,2098
9821,5,5,4,5,0,2098
9822,4,5,5,4,1,2098
9823,5,5,5,4,0,2099
9824,5,5,5,4,0,2099
9825,5,5,4,4,0,2100
9826,5,5,4,4,0,2100
9827,5,5,4,4,0,2100
9828,5,5,3,4,1,2100
9829,4,5,4,4,1,2100
9830,5,5,4,4,1,2100
9831,5,5,4,4,0,2101
9832,5,4,5,3,1,2101
9833,5,4,4,4,0,2102
9834,4,5,4,4,0,2102
9835,5,4,5,3,1,2102
9836,5,4,5,3,1,2102
9837,4,5,5,3,1,2102
9838,5,4,5,4,1,2102
9839,5,4,5,4,0,2103
9840,5,4,5,3,1,2103
9841,4,5,5,3,1,2103
9842,5,4,5,4,0,2104
9843,5,4,5,4,0,2104
9844,4,5,5,4,0,2104
9845,5,5,4,5,0,2104
9846,5,4,5,5,0,2104
9847,4,5,5,5,0,2105
9848,5,5,5,4,0,2105
9849,5,4,5,5,0,2105
9850,5,4,5,5,0,2105
9851,4,5,5,5,0,2105
9852,5,5,5,5,0,2105
9853,5,5,5,4,1,2105
9854,5,5,5,4,0,2106
9855,5,5,5,4,0,2106
9856,4,5,5,5,0,2106
9857,5,5,5,4,1,2106
9858,5,5,5,4,1,2106
9859,5,5,5,4,0,2107
9860,5,5,5,3,1,2107
9861,5,5,5,3,1,2107
9862,5,5,5,3,0,2108
9863,5,5,5,2,1,2108
9864,5,5,5,2,1,2108
9865,4,5,5,3,0,2109
9866,5,5,5,3,0,2109
9867,5,5,4,4,0,2110
9868,5,5,4,3,0,2110
9869,4,5,5,3,0,2110
9870,5,5,5,3,0,2110
9871,5,5,4,4,0,2111
9872,5,4,5,4,0,2111
9873,5,4,5,4,0,2111
9874,4,5,4,4,0,2111
9875,5,5,4,4,0,2111
9876,5,5,3,5,0,2111
9877,5,4,4,4,0,2112
9878,4,5,4,4,0,2112
9879,5,5,4,4,0,2112
9880,5,5,4,3,1,2112
9881,5,5,3,4,0,2113
9882,5,5,3,4,0,2113
9883,5,5,3,4,0,2114
9884,5,5,3,4,0,2114
9885,5,5,2,4,0,2114
9886,5,5,2,4,0,2114
9887,5,5,2,4,0,2115
9888,5,5,2,3,0,2115
9889,5,5,1,4,0,2115
9890,4,5,2,4,0,2116
9891,5,5,2,4,0,2116
9892,5,5,2,4,0,2116
9893,5,5,1,5,0,2116
9894,5,4,2,5,0,2116
9895,5,4,2,4,0,2116
9896,5,4,2,4,0,2116
9897,4,5,2,3,1,2116
9898,5,5,2,3,0,2117
9899,5,4,3,3,0,2117
9900,5,4,3,3,0,2117
9901,5,3,4,3,0,2117
9902,4,4,4,3,0,2118
9903,5,4,3,4,0,2118
9904,5,3,4,4,0,2118
9905,5,3,3,5,0,2118
9906,5,3,3,4,0,2118
9907,5,3,3,4,0,2118
9908,5,2,3,5,0,2119
9909,4,3,3,5,0,2119
9910,5,2,4,4,0,2119
9911,5,2,4,4,0,2119
9912,4,3,4,4,0,2119
9913,5,3,4,4,0,2119
9914,5,3,3,5,0,2119
9915,4,4,3,5,0,2119
9916,5,4,3,5,0,2120
9917,4,5,3,5,0,2120
9918,5,5,2,5,0,2120
9919,4,5,3,5,0,2120
9920,5,5,3,5,0,2120
9921,5,5,3,5,0,2121
9922,5,5,3,5,0,2121
9923,5,5,3,5,0,2121
9924,5,4,4,5,0,2121
9925,4,5,3,5,0,2121
9926,5,5,3,5,0,2121
9927,5,5,3,5,0,2121
9928,5,5,3,5,0,2121
9929,4,5,3,5,0,2122
9930,5,5,3,5,0,2122
9931,5,5,3,5,0,2122
9932,5,4,4,5,0,2122
9933,5,4,4,5,0,2123
9934,5,4,4,5,0,2123
9935,4,5,4,5,0,2123
9936,5,4,5,5,0,2123
9937,5,4,5,5,0,2123
9938,4,5,5,4,0,2123
9939,5,5,4,5,0,2123
9940,5,4,5,5,0,2123
9941,5,4,5,4,1,2123
9942,5,4,5,4,1,2123
9943,5,4,4,5,0,2124
9944,5,3,5,4,1,2124
9945,4,4,5,4,1,2124
9946,5,4,5,4,0,2125
9947,5,4,5,4,0,2125
9948,4,5,5,3,1,2125
9949,5,5,5,3,1,2125
9950,5,5,5,3,0,2126
9951,5,5,5,3,0,2126
9952,5,5,5,3,0,2126
9953,4,5,5,4,0,2126
9954,5,5,5,4,0,2126
9955,5,5,5,3,1,2126
9956,5,5,5,3,0,2127
9957,5,5,5,3,0,2127
9958,5,5,5,2,1,2127
9959,5,5,4,3,0,2128
9960,5,5,4,3,0,2128
9961,5,5,3,4,0,2128
9962,4,5,4,3,1,2128
9963,5,5,4,3,1,2128
9964,5,5,3,4,0,2129
9965,4,5,4,4,0,2129
9966,5,5,4,4,0,2129
9967,5,5,3,5,0,2129
9968,5,5,3,4,0,2130
9969,5,5,3,4,0,2130
9970,4,5,4,4,0,2130
9971,5,5,4,4,0,2130
9972,5,5,4,3,0,2131
9973,4,5,4,4,0,2131
9974,5,5,4,4,0,2131
9975,5,4,5,4,0,2131
9976,5,4,5,3,1,2131
9977,4,5,4,4,0,2132
9978,5,5,4,4,0,2132
9979,5,5,3,5,0,2132
9980,5,4,4,4,1,2132
9981,5,4,4,4,1,2132
9982,4,5,3,5,0,2133
9983,5,4,4,5,0,2133
9984,5,4,4,4,1,2133
9985,4,5,4,4,1,2133
9986,5,5,3,5,1,2133
9987,4,5,4,5,1,2133
9988,5,5,4,4,1,2134
9989,5,5,4,4,1,2134
9990,5,5,3,5,1,2134
9991,5,5,3,5,0,2135
9992,5,5,3,5,0,2135
9993,5,5,3,5,0,2135
9994,4,5,4,5,0,2135
9995,5,5,3,5,0,2136
9996,5,5,3,5,0,2136
9997,5,5,3,5,0,2136
9998,5,5,3,5,0,2137
9999,5,5,3,5,0,2137
